2024/12/26-13:53:07.809193 5fe8 RocksDB version: 8.8.1
2024/12/26-13:53:07.809262 5fe8 Git sha 986b8b9f20893dec811d8ecdb97b6a47f20d322d
2024/12/26-13:53:07.809269 5fe8 Compile date 2023-11-23 10:47:11
2024/12/26-13:53:07.809275 5fe8 DB SUMMARY
2024/12/26-13:53:07.809280 5fe8 Host name (Env):  DESKTOP-UCFK4A5
2024/12/26-13:53:07.809284 5fe8 DB Session ID:  EOTHQ9C1HBVGEVISSPHH
2024/12/26-13:53:07.809399 5fe8 SST files in C:\Users\Administrator\Desktop\wyc\learn\dubbo\nacos\data\protocol\raft\naming_persistent_service_v2\log dir, Total Num: 0, files: 
2024/12/26-13:53:07.809404 5fe8 Write Ahead Log file in C:\Users\Administrator\Desktop\wyc\learn\dubbo\nacos\data\protocol\raft\naming_persistent_service_v2\log: 
2024/12/26-13:53:07.809410 5fe8                         Options.error_if_exists: 0
2024/12/26-13:53:07.809491 5fe8                       Options.create_if_missing: 1
2024/12/26-13:53:07.809493 5fe8                         Options.paranoid_checks: 1
2024/12/26-13:53:07.809495 5fe8             Options.flush_verify_memtable_count: 1
2024/12/26-13:53:07.809496 5fe8          Options.compaction_verify_record_count: 1
2024/12/26-13:53:07.809498 5fe8                               Options.track_and_verify_wals_in_manifest: 0
2024/12/26-13:53:07.809499 5fe8        Options.verify_sst_unique_id_in_manifest: 1
2024/12/26-13:53:07.809501 5fe8                                     Options.env: 000001E989551840
2024/12/26-13:53:07.809503 5fe8                                      Options.fs: WinFS
2024/12/26-13:53:07.809504 5fe8                                Options.info_log: 000001E986A5BB20
2024/12/26-13:53:07.809506 5fe8                Options.max_file_opening_threads: 16
2024/12/26-13:53:07.809507 5fe8                              Options.statistics: 000001E9859C5C80
2024/12/26-13:53:07.809509 5fe8                              Options.statistics stats level: 3
2024/12/26-13:53:07.809510 5fe8                               Options.use_fsync: 0
2024/12/26-13:53:07.809512 5fe8                       Options.max_log_file_size: 0
2024/12/26-13:53:07.809513 5fe8                  Options.max_manifest_file_size: 1073741824
2024/12/26-13:53:07.809515 5fe8                   Options.log_file_time_to_roll: 0
2024/12/26-13:53:07.809516 5fe8                       Options.keep_log_file_num: 100
2024/12/26-13:53:07.809517 5fe8                    Options.recycle_log_file_num: 0
2024/12/26-13:53:07.809519 5fe8                         Options.allow_fallocate: 1
2024/12/26-13:53:07.809520 5fe8                        Options.allow_mmap_reads: 0
2024/12/26-13:53:07.809522 5fe8                       Options.allow_mmap_writes: 0
2024/12/26-13:53:07.809523 5fe8                        Options.use_direct_reads: 0
2024/12/26-13:53:07.809524 5fe8                        Options.use_direct_io_for_flush_and_compaction: 0
2024/12/26-13:53:07.809526 5fe8          Options.create_missing_column_families: 1
2024/12/26-13:53:07.809527 5fe8                              Options.db_log_dir: 
2024/12/26-13:53:07.809529 5fe8                                 Options.wal_dir: 
2024/12/26-13:53:07.809530 5fe8                Options.table_cache_numshardbits: 6
2024/12/26-13:53:07.809531 5fe8                         Options.WAL_ttl_seconds: 0
2024/12/26-13:53:07.809533 5fe8                       Options.WAL_size_limit_MB: 0
2024/12/26-13:53:07.809534 5fe8                        Options.max_write_batch_group_size_bytes: 1048576
2024/12/26-13:53:07.809536 5fe8             Options.manifest_preallocation_size: 4194304
2024/12/26-13:53:07.809537 5fe8                     Options.is_fd_close_on_exec: 1
2024/12/26-13:53:07.809539 5fe8                   Options.advise_random_on_open: 1
2024/12/26-13:53:07.809540 5fe8                    Options.db_write_buffer_size: 0
2024/12/26-13:53:07.809541 5fe8                    Options.write_buffer_manager: 000001E989552650
2024/12/26-13:53:07.809543 5fe8         Options.access_hint_on_compaction_start: 1
2024/12/26-13:53:07.809544 5fe8           Options.random_access_max_buffer_size: 1048576
2024/12/26-13:53:07.809546 5fe8                      Options.use_adaptive_mutex: 0
2024/12/26-13:53:07.809558 5fe8                            Options.rate_limiter: 0000000000000000
2024/12/26-13:53:07.809560 5fe8     Options.sst_file_manager.rate_bytes_per_sec: 0
2024/12/26-13:53:07.809562 5fe8                       Options.wal_recovery_mode: 2
2024/12/26-13:53:07.809563 5fe8                  Options.enable_thread_tracking: 0
2024/12/26-13:53:07.809564 5fe8                  Options.enable_pipelined_write: 0
2024/12/26-13:53:07.809566 5fe8                  Options.unordered_write: 0
2024/12/26-13:53:07.809567 5fe8         Options.allow_concurrent_memtable_write: 1
2024/12/26-13:53:07.809569 5fe8      Options.enable_write_thread_adaptive_yield: 1
2024/12/26-13:53:07.809570 5fe8             Options.write_thread_max_yield_usec: 100
2024/12/26-13:53:07.809571 5fe8            Options.write_thread_slow_yield_usec: 3
2024/12/26-13:53:07.809573 5fe8                               Options.row_cache: None
2024/12/26-13:53:07.809574 5fe8                              Options.wal_filter: None
2024/12/26-13:53:07.809576 5fe8             Options.avoid_flush_during_recovery: 0
2024/12/26-13:53:07.809577 5fe8             Options.allow_ingest_behind: 0
2024/12/26-13:53:07.809579 5fe8             Options.two_write_queues: 0
2024/12/26-13:53:07.809580 5fe8             Options.manual_wal_flush: 0
2024/12/26-13:53:07.809581 5fe8             Options.wal_compression: 0
2024/12/26-13:53:07.809583 5fe8             Options.atomic_flush: 0
2024/12/26-13:53:07.809584 5fe8             Options.avoid_unnecessary_blocking_io: 0
2024/12/26-13:53:07.809585 5fe8                 Options.persist_stats_to_disk: 0
2024/12/26-13:53:07.809587 5fe8                 Options.write_dbid_to_manifest: 0
2024/12/26-13:53:07.809588 5fe8                 Options.log_readahead_size: 0
2024/12/26-13:53:07.809589 5fe8                 Options.file_checksum_gen_factory: Unknown
2024/12/26-13:53:07.809591 5fe8                 Options.best_efforts_recovery: 0
2024/12/26-13:53:07.809592 5fe8                Options.max_bgerror_resume_count: 2147483647
2024/12/26-13:53:07.809594 5fe8            Options.bgerror_resume_retry_interval: 1000000
2024/12/26-13:53:07.809595 5fe8             Options.allow_data_in_errors: 0
2024/12/26-13:53:07.809597 5fe8             Options.db_host_id: __hostname__
2024/12/26-13:53:07.809598 5fe8             Options.enforce_single_del_contracts: true
2024/12/26-13:53:07.809600 5fe8             Options.max_background_jobs: 2
2024/12/26-13:53:07.809601 5fe8             Options.max_background_compactions: -1
2024/12/26-13:53:07.809602 5fe8             Options.max_subcompactions: 1
2024/12/26-13:53:07.809604 5fe8             Options.avoid_flush_during_shutdown: 0
2024/12/26-13:53:07.809605 5fe8           Options.writable_file_max_buffer_size: 1048576
2024/12/26-13:53:07.809607 5fe8             Options.delayed_write_rate : 16777216
2024/12/26-13:53:07.809608 5fe8             Options.max_total_wal_size: 1073741824
2024/12/26-13:53:07.809609 5fe8             Options.delete_obsolete_files_period_micros: 21600000000
2024/12/26-13:53:07.809611 5fe8                   Options.stats_dump_period_sec: 600
2024/12/26-13:53:07.809612 5fe8                 Options.stats_persist_period_sec: 600
2024/12/26-13:53:07.809614 5fe8                 Options.stats_history_buffer_size: 1048576
2024/12/26-13:53:07.809615 5fe8                          Options.max_open_files: -1
2024/12/26-13:53:07.809617 5fe8                          Options.bytes_per_sync: 0
2024/12/26-13:53:07.809618 5fe8                      Options.wal_bytes_per_sync: 0
2024/12/26-13:53:07.809619 5fe8                   Options.strict_bytes_per_sync: 0
2024/12/26-13:53:07.809621 5fe8       Options.compaction_readahead_size: 2097152
2024/12/26-13:53:07.809622 5fe8                  Options.max_background_flushes: -1
2024/12/26-13:53:07.809623 5fe8 Options.daily_offpeak_time_utc: 
2024/12/26-13:53:07.809625 5fe8 Compression algorithms supported:
2024/12/26-13:53:07.809627 5fe8 	kZSTD supported: 1
2024/12/26-13:53:07.809628 5fe8 	kSnappyCompression supported: 1
2024/12/26-13:53:07.809630 5fe8 	kBZip2Compression supported: 0
2024/12/26-13:53:07.809641 5fe8 	kZlibCompression supported: 1
2024/12/26-13:53:07.809643 5fe8 	kLZ4Compression supported: 1
2024/12/26-13:53:07.809644 5fe8 	kXpressCompression supported: 0
2024/12/26-13:53:07.809646 5fe8 	kLZ4HCCompression supported: 1
2024/12/26-13:53:07.809647 5fe8 	kZSTDNotFinalCompression supported: 1
2024/12/26-13:53:07.809649 5fe8 Fast CRC32 supported: Not supported on x86
2024/12/26-13:53:07.809651 5fe8 DMutex implementation: std::mutex
2024/12/26-13:53:07.814330 5fe8 [db\db_impl\db_impl_open.cc:325] Creating manifest 1 
2024/12/26-13:53:07.821189 5fe8 [db\version_set.cc:5906] Recovering from manifest file: C:\Users\Administrator\Desktop\wyc\learn\dubbo\nacos\data\protocol\raft\naming_persistent_service_v2\log/MANIFEST-000001
2024/12/26-13:53:07.821329 5fe8 [db\column_family.cc:618] --------------- Options for column family [default]:
2024/12/26-13:53:07.821336 5fe8               Options.comparator: leveldb.BytewiseComparator
2024/12/26-13:53:07.821339 5fe8           Options.merge_operator: StringAppendOperator
2024/12/26-13:53:07.821341 5fe8        Options.compaction_filter: None
2024/12/26-13:53:07.821343 5fe8        Options.compaction_filter_factory: None
2024/12/26-13:53:07.821345 5fe8  Options.sst_partitioner_factory: None
2024/12/26-13:53:07.821347 5fe8         Options.memtable_factory: SkipListFactory
2024/12/26-13:53:07.821349 5fe8            Options.table_factory: BlockBasedTable
2024/12/26-13:53:07.821370 5fe8            table_factory options:   flush_block_policy_factory: FlushBlockBySizePolicyFactory (000001E98680DB70)
  cache_index_and_filter_blocks: 0
  cache_index_and_filter_blocks_with_high_priority: 1
  pin_l0_filter_and_index_blocks_in_cache: 1
  pin_top_level_index_and_filter: 1
  index_type: 2
  data_block_index_type: 0
  index_shortening: 1
  data_block_hash_table_util_ratio: 0.750000
  checksum: 4
  no_block_cache: 0
  block_cache: 000001E989552480
  block_cache_name: LRUCache
  block_cache_options:
    capacity : 8388608
    num_shard_bits : 4
    strict_capacity_limit : 0
    memory_allocator : None
    high_pri_pool_ratio: 0.500
    low_pri_pool_ratio: 0.000
  persistent_cache: 0000000000000000
  block_size: 4096
  block_size_deviation: 10
  block_restart_interval: 16
  index_block_restart_interval: 1
  metadata_block_size: 8192
  partition_filters: 1
  use_delta_encoding: 1
  filter_policy: nullptr
  whole_key_filtering: 1
  verify_compression: 0
  read_amp_bytes_per_bit: 0
  format_version: 5
  enable_index_compression: 1
  block_align: 0
  max_auto_readahead_size: 262144
  prepopulate_block_cache: 0
  initial_auto_readahead_size: 8192
  num_file_reads_for_auto_readahead: 2
2024/12/26-13:53:07.821373 5fe8        Options.write_buffer_size: 67108864
2024/12/26-13:53:07.821375 5fe8  Options.max_write_buffer_number: 3
2024/12/26-13:53:07.821379 5fe8          Options.compression: Snappy
2024/12/26-13:53:07.821381 5fe8                  Options.bottommost_compression: Disabled
2024/12/26-13:53:07.821383 5fe8       Options.prefix_extractor: rocksdb.FixedPrefix
2024/12/26-13:53:07.821385 5fe8   Options.memtable_insert_with_hint_prefix_extractor: nullptr
2024/12/26-13:53:07.821386 5fe8             Options.num_levels: 7
2024/12/26-13:53:07.821388 5fe8        Options.min_write_buffer_number_to_merge: 1
2024/12/26-13:53:07.821390 5fe8     Options.max_write_buffer_number_to_maintain: 0
2024/12/26-13:53:07.821392 5fe8     Options.max_write_buffer_size_to_maintain: 0
2024/12/26-13:53:07.821394 5fe8            Options.bottommost_compression_opts.window_bits: -14
2024/12/26-13:53:07.821396 5fe8                  Options.bottommost_compression_opts.level: 32767
2024/12/26-13:53:07.821398 5fe8               Options.bottommost_compression_opts.strategy: 0
2024/12/26-13:53:07.821399 5fe8         Options.bottommost_compression_opts.max_dict_bytes: 0
2024/12/26-13:53:07.821401 5fe8         Options.bottommost_compression_opts.zstd_max_train_bytes: 0
2024/12/26-13:53:07.821403 5fe8         Options.bottommost_compression_opts.parallel_threads: 1
2024/12/26-13:53:07.821405 5fe8                  Options.bottommost_compression_opts.enabled: false
2024/12/26-13:53:07.821409 5fe8         Options.bottommost_compression_opts.max_dict_buffer_bytes: 0
2024/12/26-13:53:07.821412 5fe8         Options.bottommost_compression_opts.use_zstd_dict_trainer: true
2024/12/26-13:53:07.821414 5fe8            Options.compression_opts.window_bits: -14
2024/12/26-13:53:07.821416 5fe8                  Options.compression_opts.level: 32767
2024/12/26-13:53:07.821418 5fe8               Options.compression_opts.strategy: 0
2024/12/26-13:53:07.821420 5fe8         Options.compression_opts.max_dict_bytes: 0
2024/12/26-13:53:07.821422 5fe8         Options.compression_opts.zstd_max_train_bytes: 0
2024/12/26-13:53:07.821423 5fe8         Options.compression_opts.use_zstd_dict_trainer: true
2024/12/26-13:53:07.821425 5fe8         Options.compression_opts.parallel_threads: 1
2024/12/26-13:53:07.821427 5fe8                  Options.compression_opts.enabled: false
2024/12/26-13:53:07.821429 5fe8         Options.compression_opts.max_dict_buffer_bytes: 0
2024/12/26-13:53:07.821431 5fe8      Options.level0_file_num_compaction_trigger: 10
2024/12/26-13:53:07.821433 5fe8          Options.level0_slowdown_writes_trigger: 20
2024/12/26-13:53:07.821434 5fe8              Options.level0_stop_writes_trigger: 40
2024/12/26-13:53:07.821436 5fe8                   Options.target_file_size_base: 67108864
2024/12/26-13:53:07.821438 5fe8             Options.target_file_size_multiplier: 1
2024/12/26-13:53:07.821440 5fe8                Options.max_bytes_for_level_base: 536870912
2024/12/26-13:53:07.821442 5fe8 Options.level_compaction_dynamic_level_bytes: 1
2024/12/26-13:53:07.821443 5fe8          Options.max_bytes_for_level_multiplier: 10.000000
2024/12/26-13:53:07.821446 5fe8 Options.max_bytes_for_level_multiplier_addtl[0]: 1
2024/12/26-13:53:07.821448 5fe8 Options.max_bytes_for_level_multiplier_addtl[1]: 1
2024/12/26-13:53:07.821450 5fe8 Options.max_bytes_for_level_multiplier_addtl[2]: 1
2024/12/26-13:53:07.821452 5fe8 Options.max_bytes_for_level_multiplier_addtl[3]: 1
2024/12/26-13:53:07.821453 5fe8 Options.max_bytes_for_level_multiplier_addtl[4]: 1
2024/12/26-13:53:07.821455 5fe8 Options.max_bytes_for_level_multiplier_addtl[5]: 1
2024/12/26-13:53:07.821457 5fe8 Options.max_bytes_for_level_multiplier_addtl[6]: 1
2024/12/26-13:53:07.821459 5fe8       Options.max_sequential_skip_in_iterations: 8
2024/12/26-13:53:07.821461 5fe8                    Options.max_compaction_bytes: 1677721600
2024/12/26-13:53:07.821463 5fe8   Options.ignore_max_compaction_bytes_for_input: true
2024/12/26-13:53:07.821464 5fe8                        Options.arena_block_size: 1048576
2024/12/26-13:53:07.821466 5fe8   Options.soft_pending_compaction_bytes_limit: 68719476736
2024/12/26-13:53:07.821468 5fe8   Options.hard_pending_compaction_bytes_limit: 274877906944
2024/12/26-13:53:07.821470 5fe8                Options.disable_auto_compactions: 0
2024/12/26-13:53:07.821473 5fe8                        Options.compaction_style: kCompactionStyleLevel
2024/12/26-13:53:07.821475 5fe8                          Options.compaction_pri: kMinOverlappingRatio
2024/12/26-13:53:07.821477 5fe8 Options.compaction_options_universal.size_ratio: 1
2024/12/26-13:53:07.821479 5fe8 Options.compaction_options_universal.min_merge_width: 2
2024/12/26-13:53:07.821481 5fe8 Options.compaction_options_universal.max_merge_width: 4294967295
2024/12/26-13:53:07.821483 5fe8 Options.compaction_options_universal.max_size_amplification_percent: 200
2024/12/26-13:53:07.821485 5fe8 Options.compaction_options_universal.compression_size_percent: -1
2024/12/26-13:53:07.821487 5fe8 Options.compaction_options_universal.stop_style: kCompactionStopStyleTotalSize
2024/12/26-13:53:07.821489 5fe8 Options.compaction_options_fifo.max_table_files_size: 1073741824
2024/12/26-13:53:07.821491 5fe8 Options.compaction_options_fifo.allow_compaction: 0
2024/12/26-13:53:07.821494 5fe8                   Options.table_properties_collectors: 
2024/12/26-13:53:07.821496 5fe8                   Options.inplace_update_support: 0
2024/12/26-13:53:07.821523 5fe8                 Options.inplace_update_num_locks: 10000
2024/12/26-13:53:07.821525 5fe8               Options.memtable_prefix_bloom_size_ratio: 0.125000
2024/12/26-13:53:07.821528 5fe8               Options.memtable_whole_key_filtering: 0
2024/12/26-13:53:07.821530 5fe8   Options.memtable_huge_page_size: 0
2024/12/26-13:53:07.821531 5fe8                           Options.bloom_locality: 0
2024/12/26-13:53:07.821533 5fe8                    Options.max_successive_merges: 0
2024/12/26-13:53:07.821535 5fe8                Options.optimize_filters_for_hits: 0
2024/12/26-13:53:07.821537 5fe8                Options.paranoid_file_checks: 0
2024/12/26-13:53:07.821539 5fe8                Options.force_consistency_checks: 1
2024/12/26-13:53:07.821541 5fe8                Options.report_bg_io_stats: 0
2024/12/26-13:53:07.821542 5fe8                               Options.ttl: 2592000
2024/12/26-13:53:07.821544 5fe8          Options.periodic_compaction_seconds: 0
2024/12/26-13:53:07.821546 5fe8                        Options.default_temperature: kUnknown
2024/12/26-13:53:07.821548 5fe8  Options.preclude_last_level_data_seconds: 0
2024/12/26-13:53:07.821549 5fe8    Options.preserve_internal_time_seconds: 0
2024/12/26-13:53:07.821551 5fe8                       Options.enable_blob_files: false
2024/12/26-13:53:07.821553 5fe8                           Options.min_blob_size: 0
2024/12/26-13:53:07.821555 5fe8                          Options.blob_file_size: 268435456
2024/12/26-13:53:07.821557 5fe8                   Options.blob_compression_type: NoCompression
2024/12/26-13:53:07.821558 5fe8          Options.enable_blob_garbage_collection: false
2024/12/26-13:53:07.821560 5fe8      Options.blob_garbage_collection_age_cutoff: 0.250000
2024/12/26-13:53:07.821562 5fe8 Options.blob_garbage_collection_force_threshold: 1.000000
2024/12/26-13:53:07.821565 5fe8          Options.blob_compaction_readahead_size: 0
2024/12/26-13:53:07.821566 5fe8                Options.blob_file_starting_level: 0
2024/12/26-13:53:07.821568 5fe8         Options.experimental_mempurge_threshold: 0.000000
2024/12/26-13:53:07.821570 5fe8            Options.memtable_max_range_deletions: 0
2024/12/26-13:53:07.823754 5fe8 [db\version_set.cc:5957] Recovered from manifest file:C:\Users\Administrator\Desktop\wyc\learn\dubbo\nacos\data\protocol\raft\naming_persistent_service_v2\log/MANIFEST-000001 succeeded,manifest_file_number is 1, next_file_number is 3, last_sequence is 0, log_number is 0,prev_log_number is 0,max_column_family is 0,min_log_number_to_keep is 0
2024/12/26-13:53:07.823760 5fe8 [db\version_set.cc:5966] Column family [default] (ID 0), log number is 0
2024/12/26-13:53:07.823944 5fe8 [db\db_impl\db_impl_open.cc:646] DB ID: adc50d39-c34d-11ef-8bcb-c87f546788d8
2024/12/26-13:53:07.824642 5fe8 [db\version_set.cc:5417] Creating manifest 5
2024/12/26-13:53:07.833190 5fe8 [db\column_family.cc:618] --------------- Options for column family [Configuration]:
2024/12/26-13:53:07.833197 5fe8               Options.comparator: leveldb.BytewiseComparator
2024/12/26-13:53:07.833199 5fe8           Options.merge_operator: StringAppendOperator
2024/12/26-13:53:07.833201 5fe8        Options.compaction_filter: None
2024/12/26-13:53:07.833202 5fe8        Options.compaction_filter_factory: None
2024/12/26-13:53:07.833204 5fe8  Options.sst_partitioner_factory: None
2024/12/26-13:53:07.833205 5fe8         Options.memtable_factory: SkipListFactory
2024/12/26-13:53:07.833207 5fe8            Options.table_factory: BlockBasedTable
2024/12/26-13:53:07.833222 5fe8            table_factory options:   flush_block_policy_factory: FlushBlockBySizePolicyFactory (000001E98680DB70)
  cache_index_and_filter_blocks: 0
  cache_index_and_filter_blocks_with_high_priority: 1
  pin_l0_filter_and_index_blocks_in_cache: 1
  pin_top_level_index_and_filter: 1
  index_type: 2
  data_block_index_type: 0
  index_shortening: 1
  data_block_hash_table_util_ratio: 0.750000
  checksum: 4
  no_block_cache: 0
  block_cache: 000001E989552480
  block_cache_name: LRUCache
  block_cache_options:
    capacity : 8388608
    num_shard_bits : 4
    strict_capacity_limit : 0
    memory_allocator : None
    high_pri_pool_ratio: 0.500
    low_pri_pool_ratio: 0.000
  persistent_cache: 0000000000000000
  block_size: 4096
  block_size_deviation: 10
  block_restart_interval: 16
  index_block_restart_interval: 1
  metadata_block_size: 8192
  partition_filters: 1
  use_delta_encoding: 1
  filter_policy: nullptr
  whole_key_filtering: 1
  verify_compression: 0
  read_amp_bytes_per_bit: 0
  format_version: 5
  enable_index_compression: 1
  block_align: 0
  max_auto_readahead_size: 262144
  prepopulate_block_cache: 0
  initial_auto_readahead_size: 8192
  num_file_reads_for_auto_readahead: 2
2024/12/26-13:53:07.833225 5fe8        Options.write_buffer_size: 67108864
2024/12/26-13:53:07.833228 5fe8  Options.max_write_buffer_number: 3
2024/12/26-13:53:07.833229 5fe8          Options.compression: Snappy
2024/12/26-13:53:07.833231 5fe8                  Options.bottommost_compression: Disabled
2024/12/26-13:53:07.833232 5fe8       Options.prefix_extractor: rocksdb.FixedPrefix
2024/12/26-13:53:07.833234 5fe8   Options.memtable_insert_with_hint_prefix_extractor: nullptr
2024/12/26-13:53:07.833235 5fe8             Options.num_levels: 7
2024/12/26-13:53:07.833236 5fe8        Options.min_write_buffer_number_to_merge: 1
2024/12/26-13:53:07.833238 5fe8     Options.max_write_buffer_number_to_maintain: 0
2024/12/26-13:53:07.833239 5fe8     Options.max_write_buffer_size_to_maintain: 0
2024/12/26-13:53:07.833241 5fe8            Options.bottommost_compression_opts.window_bits: -14
2024/12/26-13:53:07.833242 5fe8                  Options.bottommost_compression_opts.level: 32767
2024/12/26-13:53:07.833244 5fe8               Options.bottommost_compression_opts.strategy: 0
2024/12/26-13:53:07.833245 5fe8         Options.bottommost_compression_opts.max_dict_bytes: 0
2024/12/26-13:53:07.833247 5fe8         Options.bottommost_compression_opts.zstd_max_train_bytes: 0
2024/12/26-13:53:07.833248 5fe8         Options.bottommost_compression_opts.parallel_threads: 1
2024/12/26-13:53:07.833249 5fe8                  Options.bottommost_compression_opts.enabled: false
2024/12/26-13:53:07.833251 5fe8         Options.bottommost_compression_opts.max_dict_buffer_bytes: 0
2024/12/26-13:53:07.833252 5fe8         Options.bottommost_compression_opts.use_zstd_dict_trainer: true
2024/12/26-13:53:07.833254 5fe8            Options.compression_opts.window_bits: -14
2024/12/26-13:53:07.833255 5fe8                  Options.compression_opts.level: 32767
2024/12/26-13:53:07.833257 5fe8               Options.compression_opts.strategy: 0
2024/12/26-13:53:07.833258 5fe8         Options.compression_opts.max_dict_bytes: 0
2024/12/26-13:53:07.833259 5fe8         Options.compression_opts.zstd_max_train_bytes: 0
2024/12/26-13:53:07.833261 5fe8         Options.compression_opts.use_zstd_dict_trainer: true
2024/12/26-13:53:07.833262 5fe8         Options.compression_opts.parallel_threads: 1
2024/12/26-13:53:07.833264 5fe8                  Options.compression_opts.enabled: false
2024/12/26-13:53:07.833265 5fe8         Options.compression_opts.max_dict_buffer_bytes: 0
2024/12/26-13:53:07.833267 5fe8      Options.level0_file_num_compaction_trigger: 10
2024/12/26-13:53:07.833268 5fe8          Options.level0_slowdown_writes_trigger: 20
2024/12/26-13:53:07.833270 5fe8              Options.level0_stop_writes_trigger: 40
2024/12/26-13:53:07.833271 5fe8                   Options.target_file_size_base: 67108864
2024/12/26-13:53:07.833272 5fe8             Options.target_file_size_multiplier: 1
2024/12/26-13:53:07.833274 5fe8                Options.max_bytes_for_level_base: 536870912
2024/12/26-13:53:07.833275 5fe8 Options.level_compaction_dynamic_level_bytes: 1
2024/12/26-13:53:07.833277 5fe8          Options.max_bytes_for_level_multiplier: 10.000000
2024/12/26-13:53:07.833279 5fe8 Options.max_bytes_for_level_multiplier_addtl[0]: 1
2024/12/26-13:53:07.833280 5fe8 Options.max_bytes_for_level_multiplier_addtl[1]: 1
2024/12/26-13:53:07.833282 5fe8 Options.max_bytes_for_level_multiplier_addtl[2]: 1
2024/12/26-13:53:07.833284 5fe8 Options.max_bytes_for_level_multiplier_addtl[3]: 1
2024/12/26-13:53:07.833286 5fe8 Options.max_bytes_for_level_multiplier_addtl[4]: 1
2024/12/26-13:53:07.833287 5fe8 Options.max_bytes_for_level_multiplier_addtl[5]: 1
2024/12/26-13:53:07.833288 5fe8 Options.max_bytes_for_level_multiplier_addtl[6]: 1
2024/12/26-13:53:07.833290 5fe8       Options.max_sequential_skip_in_iterations: 8
2024/12/26-13:53:07.833291 5fe8                    Options.max_compaction_bytes: 1677721600
2024/12/26-13:53:07.833293 5fe8   Options.ignore_max_compaction_bytes_for_input: true
2024/12/26-13:53:07.833294 5fe8                        Options.arena_block_size: 1048576
2024/12/26-13:53:07.833296 5fe8   Options.soft_pending_compaction_bytes_limit: 68719476736
2024/12/26-13:53:07.833297 5fe8   Options.hard_pending_compaction_bytes_limit: 274877906944
2024/12/26-13:53:07.833298 5fe8                Options.disable_auto_compactions: 0
2024/12/26-13:53:07.833300 5fe8                        Options.compaction_style: kCompactionStyleLevel
2024/12/26-13:53:07.833302 5fe8                          Options.compaction_pri: kMinOverlappingRatio
2024/12/26-13:53:07.833304 5fe8 Options.compaction_options_universal.size_ratio: 1
2024/12/26-13:53:07.833305 5fe8 Options.compaction_options_universal.min_merge_width: 2
2024/12/26-13:53:07.833307 5fe8 Options.compaction_options_universal.max_merge_width: 4294967295
2024/12/26-13:53:07.833308 5fe8 Options.compaction_options_universal.max_size_amplification_percent: 200
2024/12/26-13:53:07.833310 5fe8 Options.compaction_options_universal.compression_size_percent: -1
2024/12/26-13:53:07.833312 5fe8 Options.compaction_options_universal.stop_style: kCompactionStopStyleTotalSize
2024/12/26-13:53:07.833313 5fe8 Options.compaction_options_fifo.max_table_files_size: 1073741824
2024/12/26-13:53:07.833314 5fe8 Options.compaction_options_fifo.allow_compaction: 0
2024/12/26-13:53:07.833317 5fe8                   Options.table_properties_collectors: 
2024/12/26-13:53:07.833319 5fe8                   Options.inplace_update_support: 0
2024/12/26-13:53:07.833320 5fe8                 Options.inplace_update_num_locks: 10000
2024/12/26-13:53:07.833321 5fe8               Options.memtable_prefix_bloom_size_ratio: 0.125000
2024/12/26-13:53:07.833323 5fe8               Options.memtable_whole_key_filtering: 0
2024/12/26-13:53:07.833325 5fe8   Options.memtable_huge_page_size: 0
2024/12/26-13:53:07.833326 5fe8                           Options.bloom_locality: 0
2024/12/26-13:53:07.833327 5fe8                    Options.max_successive_merges: 0
2024/12/26-13:53:07.833329 5fe8                Options.optimize_filters_for_hits: 0
2024/12/26-13:53:07.833330 5fe8                Options.paranoid_file_checks: 0
2024/12/26-13:53:07.833332 5fe8                Options.force_consistency_checks: 1
2024/12/26-13:53:07.833333 5fe8                Options.report_bg_io_stats: 0
2024/12/26-13:53:07.833334 5fe8                               Options.ttl: 2592000
2024/12/26-13:53:07.833336 5fe8          Options.periodic_compaction_seconds: 0
2024/12/26-13:53:07.833337 5fe8                        Options.default_temperature: kUnknown
2024/12/26-13:53:07.833339 5fe8  Options.preclude_last_level_data_seconds: 0
2024/12/26-13:53:07.833340 5fe8    Options.preserve_internal_time_seconds: 0
2024/12/26-13:53:07.833341 5fe8                       Options.enable_blob_files: false
2024/12/26-13:53:07.833343 5fe8                           Options.min_blob_size: 0
2024/12/26-13:53:07.833344 5fe8                          Options.blob_file_size: 268435456
2024/12/26-13:53:07.833346 5fe8                   Options.blob_compression_type: NoCompression
2024/12/26-13:53:07.833347 5fe8          Options.enable_blob_garbage_collection: false
2024/12/26-13:53:07.833349 5fe8      Options.blob_garbage_collection_age_cutoff: 0.250000
2024/12/26-13:53:07.833350 5fe8 Options.blob_garbage_collection_force_threshold: 1.000000
2024/12/26-13:53:07.833352 5fe8          Options.blob_compaction_readahead_size: 0
2024/12/26-13:53:07.833353 5fe8                Options.blob_file_starting_level: 0
2024/12/26-13:53:07.833355 5fe8         Options.experimental_mempurge_threshold: 0.000000
2024/12/26-13:53:07.833357 5fe8            Options.memtable_max_range_deletions: 0
2024/12/26-13:53:07.834887 5fe8 [db\db_impl\db_impl.cc:3565] Created column family [Configuration] (ID 1)
2024/12/26-13:53:07.839951 5fe8 [db\db_impl\db_impl_open.cc:2150] SstFileManager instance 000001E981D9F1B0
2024/12/26-13:53:07.840259 5fe8 DB pointer 000001E9867DDC40
2024/12/26-13:53:10.843210 6f54 [db\db_impl\db_impl.cc:1141] ------- DUMPING STATS -------
2024/12/26-13:53:10.843226 6f54 [db\db_impl\db_impl.cc:1142] 
** DB Stats **
Uptime(secs): 3.0 total, 3.0 interval
Cumulative writes: 1 writes, 2 keys, 1 commit groups, 1.0 writes per commit group, ingest: 0.00 GB, 0.00 MB/s
Cumulative WAL: 1 writes, 1 syncs, 1.00 writes per sync, written: 0.00 GB, 0.00 MB/s
Cumulative stall: 00:00:0.000 H:M:S, 0.0 percent
Interval writes: 1 writes, 2 keys, 1 commit groups, 1.0 writes per commit group, ingest: 0.00 MB, 0.00 MB/s
Interval WAL: 1 writes, 1 syncs, 1.00 writes per sync, written: 0.00 GB, 0.00 MB/s
Interval stall: 00:00:0.000 H:M:S, 0.0 percent
Write Stall (count): write-buffer-manager-limit-stops: 0

** Compaction Stats [default] **
Level    Files   Size     Score Read(GB)  Rn(GB) Rnp1(GB) Write(GB) Wnew(GB) Moved(GB) W-Amp Rd(MB/s) Wr(MB/s) Comp(sec) CompMergeCPU(sec) Comp(cnt) Avg(sec) KeyIn KeyDrop Rblob(GB) Wblob(GB)
------------------------------------------------------------------------------------------------------------------------------------------------------------------------------------------------
 Sum      0/0    0.00 KB   0.0      0.0     0.0      0.0       0.0      0.0       0.0   0.0      0.0      0.0      0.00              0.00         0    0.000       0      0       0.0       0.0
 Int      0/0    0.00 KB   0.0      0.0     0.0      0.0       0.0      0.0       0.0   0.0      0.0      0.0      0.00              0.00         0    0.000       0      0       0.0       0.0

** Compaction Stats [default] **
Priority    Files   Size     Score Read(GB)  Rn(GB) Rnp1(GB) Write(GB) Wnew(GB) Moved(GB) W-Amp Rd(MB/s) Wr(MB/s) Comp(sec) CompMergeCPU(sec) Comp(cnt) Avg(sec) KeyIn KeyDrop Rblob(GB) Wblob(GB)
---------------------------------------------------------------------------------------------------------------------------------------------------------------------------------------------------

Blob file count: 0, total size: 0.0 GB, garbage size: 0.0 GB, space amp: 0.0

Uptime(secs): 3.0 total, 3.0 interval
Flush(GB): cumulative 0.000, interval 0.000
AddFile(GB): cumulative 0.000, interval 0.000
AddFile(Total Files): cumulative 0, interval 0
AddFile(L0 Files): cumulative 0, interval 0
AddFile(Keys): cumulative 0, interval 0
Cumulative compaction: 0.00 GB write, 0.00 MB/s write, 0.00 GB read, 0.00 MB/s read, 0.0 seconds
Interval compaction: 0.00 GB write, 0.00 MB/s write, 0.00 GB read, 0.00 MB/s read, 0.0 seconds
Write Stall (count): cf-l0-file-count-limit-delays-with-ongoing-compaction: 0, cf-l0-file-count-limit-stops-with-ongoing-compaction: 0, l0-file-count-limit-delays: 0, l0-file-count-limit-stops: 0, memtable-limit-delays: 0, memtable-limit-stops: 0, pending-compaction-bytes-delays: 0, pending-compaction-bytes-stops: 0, total-delays: 0, total-stops: 0
Block cache LRUCache@000001E989552480#28092 capacity: 8.00 MB seed: 653059177 usage: 0.08 KB table_size: 256 occupancy: 1 collections: 1 last_copies: 1 last_secs: 1.9e-05 secs_since: 0
Block cache entry stats(count,size,portion): Misc(1,0.00 KB,0%)

** File Read Latency Histogram By Level [default] **

** Compaction Stats [Configuration] **
Level    Files   Size     Score Read(GB)  Rn(GB) Rnp1(GB) Write(GB) Wnew(GB) Moved(GB) W-Amp Rd(MB/s) Wr(MB/s) Comp(sec) CompMergeCPU(sec) Comp(cnt) Avg(sec) KeyIn KeyDrop Rblob(GB) Wblob(GB)
------------------------------------------------------------------------------------------------------------------------------------------------------------------------------------------------
 Sum      0/0    0.00 KB   0.0      0.0     0.0      0.0       0.0      0.0       0.0   0.0      0.0      0.0      0.00              0.00         0    0.000       0      0       0.0       0.0
 Int      0/0    0.00 KB   0.0      0.0     0.0      0.0       0.0      0.0       0.0   0.0      0.0      0.0      0.00              0.00         0    0.000       0      0       0.0       0.0

** Compaction Stats [Configuration] **
Priority    Files   Size     Score Read(GB)  Rn(GB) Rnp1(GB) Write(GB) Wnew(GB) Moved(GB) W-Amp Rd(MB/s) Wr(MB/s) Comp(sec) CompMergeCPU(sec) Comp(cnt) Avg(sec) KeyIn KeyDrop Rblob(GB) Wblob(GB)
---------------------------------------------------------------------------------------------------------------------------------------------------------------------------------------------------

Blob file count: 0, total size: 0.0 GB, garbage size: 0.0 GB, space amp: 0.0

Uptime(secs): 3.0 total, 3.0 interval
Flush(GB): cumulative 0.000, interval 0.000
AddFile(GB): cumulative 0.000, interval 0.000
AddFile(Total Files): cumulative 0, interval 0
AddFile(L0 Files): cumulative 0, interval 0
AddFile(Keys): cumulative 0, interval 0
Cumulative compaction: 0.00 GB write, 0.00 MB/s write, 0.00 GB read, 0.00 MB/s read, 0.0 seconds
Interval compaction: 0.00 GB write, 0.00 MB/s write, 0.00 GB read, 0.00 MB/s read, 0.0 seconds
Write Stall (count): cf-l0-file-count-limit-delays-with-ongoing-compaction: 0, cf-l0-file-count-limit-stops-with-ongoing-compaction: 0, l0-file-count-limit-delays: 0, l0-file-count-limit-stops: 0, memtable-limit-delays: 0, memtable-limit-stops: 0, pending-compaction-bytes-delays: 0, pending-compaction-bytes-stops: 0, total-delays: 0, total-stops: 0
Block cache LRUCache@000001E989552480#28092 capacity: 8.00 MB seed: 653059177 usage: 0.08 KB table_size: 256 occupancy: 1 collections: 1 last_copies: 1 last_secs: 1.9e-05 secs_since: 0
Block cache entry stats(count,size,portion): Misc(1,0.00 KB,0%)

** File Read Latency Histogram By Level [Configuration] **
2024/12/26-13:53:10.844099 6f54 [db\db_impl\db_impl.cc:751] STATISTICS:
 rocksdb.block.cache.miss COUNT : 0
rocksdb.block.cache.hit COUNT : 0
rocksdb.block.cache.add COUNT : 0
rocksdb.block.cache.add.failures COUNT : 0
rocksdb.block.cache.index.miss COUNT : 0
rocksdb.block.cache.index.hit COUNT : 0
rocksdb.block.cache.index.add COUNT : 0
rocksdb.block.cache.index.bytes.insert COUNT : 0
rocksdb.block.cache.filter.miss COUNT : 0
rocksdb.block.cache.filter.hit COUNT : 0
rocksdb.block.cache.filter.add COUNT : 0
rocksdb.block.cache.filter.bytes.insert COUNT : 0
rocksdb.block.cache.data.miss COUNT : 0
rocksdb.block.cache.data.hit COUNT : 0
rocksdb.block.cache.data.add COUNT : 0
rocksdb.block.cache.data.bytes.insert COUNT : 0
rocksdb.block.cache.bytes.read COUNT : 0
rocksdb.block.cache.bytes.write COUNT : 0
rocksdb.bloom.filter.useful COUNT : 0
rocksdb.bloom.filter.full.positive COUNT : 0
rocksdb.bloom.filter.full.true.positive COUNT : 0
rocksdb.persistent.cache.hit COUNT : 0
rocksdb.persistent.cache.miss COUNT : 0
rocksdb.sim.block.cache.hit COUNT : 0
rocksdb.sim.block.cache.miss COUNT : 0
rocksdb.memtable.hit COUNT : 0
rocksdb.memtable.miss COUNT : 1
rocksdb.l0.hit COUNT : 0
rocksdb.l1.hit COUNT : 0
rocksdb.l2andup.hit COUNT : 0
rocksdb.compaction.key.drop.new COUNT : 0
rocksdb.compaction.key.drop.obsolete COUNT : 0
rocksdb.compaction.key.drop.range_del COUNT : 0
rocksdb.compaction.key.drop.user COUNT : 0
rocksdb.compaction.range_del.drop.obsolete COUNT : 0
rocksdb.compaction.optimized.del.drop.obsolete COUNT : 0
rocksdb.compaction.cancelled COUNT : 0
rocksdb.number.keys.written COUNT : 2
rocksdb.number.keys.read COUNT : 1
rocksdb.number.keys.updated COUNT : 0
rocksdb.bytes.written COUNT : 99
rocksdb.bytes.read COUNT : 0
rocksdb.number.db.seek COUNT : 3
rocksdb.number.db.next COUNT : 0
rocksdb.number.db.prev COUNT : 0
rocksdb.number.db.seek.found COUNT : 0
rocksdb.number.db.next.found COUNT : 0
rocksdb.number.db.prev.found COUNT : 0
rocksdb.db.iter.bytes.read COUNT : 0
rocksdb.no.file.opens COUNT : 0
rocksdb.no.file.errors COUNT : 0
rocksdb.stall.micros COUNT : 0
rocksdb.db.mutex.wait.micros COUNT : 0
rocksdb.number.multiget.get COUNT : 0
rocksdb.number.multiget.keys.read COUNT : 0
rocksdb.number.multiget.bytes.read COUNT : 0
rocksdb.number.merge.failures COUNT : 0
rocksdb.bloom.filter.prefix.checked COUNT : 0
rocksdb.bloom.filter.prefix.useful COUNT : 0
rocksdb.bloom.filter.prefix.true.positive COUNT : 0
rocksdb.number.reseeks.iteration COUNT : 0
rocksdb.getupdatessince.calls COUNT : 0
rocksdb.wal.synced COUNT : 1
rocksdb.wal.bytes COUNT : 99
rocksdb.write.self COUNT : 1
rocksdb.write.other COUNT : 0
rocksdb.write.wal COUNT : 1
rocksdb.compact.read.bytes COUNT : 0
rocksdb.compact.write.bytes COUNT : 0
rocksdb.flush.write.bytes COUNT : 0
rocksdb.compact.read.marked.bytes COUNT : 0
rocksdb.compact.read.periodic.bytes COUNT : 0
rocksdb.compact.read.ttl.bytes COUNT : 0
rocksdb.compact.write.marked.bytes COUNT : 0
rocksdb.compact.write.periodic.bytes COUNT : 0
rocksdb.compact.write.ttl.bytes COUNT : 0
rocksdb.number.direct.load.table.properties COUNT : 0
rocksdb.number.superversion_acquires COUNT : 2
rocksdb.number.superversion_releases COUNT : 0
rocksdb.number.superversion_cleanups COUNT : 0
rocksdb.number.block.compressed COUNT : 0
rocksdb.number.block.decompressed COUNT : 0
rocksdb.number.block.not_compressed COUNT : 0
rocksdb.merge.operation.time.nanos COUNT : 0
rocksdb.filter.operation.time.nanos COUNT : 0
rocksdb.compaction.total.time.cpu_micros COUNT : 0
rocksdb.row.cache.hit COUNT : 0
rocksdb.row.cache.miss COUNT : 0
rocksdb.read.amp.estimate.useful.bytes COUNT : 0
rocksdb.read.amp.total.read.bytes COUNT : 0
rocksdb.number.rate_limiter.drains COUNT : 0
rocksdb.number.iter.skip COUNT : 0
rocksdb.blobdb.num.put COUNT : 0
rocksdb.blobdb.num.write COUNT : 0
rocksdb.blobdb.num.get COUNT : 0
rocksdb.blobdb.num.multiget COUNT : 0
rocksdb.blobdb.num.seek COUNT : 0
rocksdb.blobdb.num.next COUNT : 0
rocksdb.blobdb.num.prev COUNT : 0
rocksdb.blobdb.num.keys.written COUNT : 0
rocksdb.blobdb.num.keys.read COUNT : 0
rocksdb.blobdb.bytes.written COUNT : 0
rocksdb.blobdb.bytes.read COUNT : 0
rocksdb.blobdb.write.inlined COUNT : 0
rocksdb.blobdb.write.inlined.ttl COUNT : 0
rocksdb.blobdb.write.blob COUNT : 0
rocksdb.blobdb.write.blob.ttl COUNT : 0
rocksdb.blobdb.blob.file.bytes.written COUNT : 0
rocksdb.blobdb.blob.file.bytes.read COUNT : 0
rocksdb.blobdb.blob.file.synced COUNT : 0
rocksdb.blobdb.blob.index.expired.count COUNT : 0
rocksdb.blobdb.blob.index.expired.size COUNT : 0
rocksdb.blobdb.blob.index.evicted.count COUNT : 0
rocksdb.blobdb.blob.index.evicted.size COUNT : 0
rocksdb.blobdb.gc.num.files COUNT : 0
rocksdb.blobdb.gc.num.new.files COUNT : 0
rocksdb.blobdb.gc.failures COUNT : 0
rocksdb.blobdb.gc.num.keys.relocated COUNT : 0
rocksdb.blobdb.gc.bytes.relocated COUNT : 0
rocksdb.blobdb.fifo.num.files.evicted COUNT : 0
rocksdb.blobdb.fifo.num.keys.evicted COUNT : 0
rocksdb.blobdb.fifo.bytes.evicted COUNT : 0
rocksdb.txn.overhead.mutex.prepare COUNT : 0
rocksdb.txn.overhead.mutex.old.commit.map COUNT : 0
rocksdb.txn.overhead.duplicate.key COUNT : 0
rocksdb.txn.overhead.mutex.snapshot COUNT : 0
rocksdb.txn.get.tryagain COUNT : 0
rocksdb.number.multiget.keys.found COUNT : 0
