2024/12/26-13:53:07.903174 5fe8 RocksDB version: 8.8.1
2024/12/26-13:53:07.903247 5fe8 Git sha 986b8b9f20893dec811d8ecdb97b6a47f20d322d
2024/12/26-13:53:07.903255 5fe8 Compile date 2023-11-23 10:47:11
2024/12/26-13:53:07.903261 5fe8 DB SUMMARY
2024/12/26-13:53:07.903266 5fe8 Host name (Env):  DESKTOP-UCFK4A5
2024/12/26-13:53:07.903270 5fe8 DB Session ID:  EOTHQ9C1HBVGEVISSPHJ
2024/12/26-13:53:07.903417 5fe8 SST files in C:\Users\Administrator\Desktop\wyc\learn\dubbo\nacos\data\protocol\raft\naming_service_metadata\log dir, Total Num: 0, files: 
2024/12/26-13:53:07.903425 5fe8 Write Ahead Log file in C:\Users\Administrator\Desktop\wyc\learn\dubbo\nacos\data\protocol\raft\naming_service_metadata\log: 
2024/12/26-13:53:07.903431 5fe8                         Options.error_if_exists: 0
2024/12/26-13:53:07.903515 5fe8                       Options.create_if_missing: 1
2024/12/26-13:53:07.903520 5fe8                         Options.paranoid_checks: 1
2024/12/26-13:53:07.903522 5fe8             Options.flush_verify_memtable_count: 1
2024/12/26-13:53:07.903523 5fe8          Options.compaction_verify_record_count: 1
2024/12/26-13:53:07.903525 5fe8                               Options.track_and_verify_wals_in_manifest: 0
2024/12/26-13:53:07.903526 5fe8        Options.verify_sst_unique_id_in_manifest: 1
2024/12/26-13:53:07.903528 5fe8                                     Options.env: 000001E989551840
2024/12/26-13:53:07.903529 5fe8                                      Options.fs: WinFS
2024/12/26-13:53:07.903531 5fe8                                Options.info_log: 000001E98D4487C0
2024/12/26-13:53:07.903532 5fe8                Options.max_file_opening_threads: 16
2024/12/26-13:53:07.903534 5fe8                              Options.statistics: 000001E9842475B0
2024/12/26-13:53:07.903535 5fe8                              Options.statistics stats level: 3
2024/12/26-13:53:07.903537 5fe8                               Options.use_fsync: 0
2024/12/26-13:53:07.903538 5fe8                       Options.max_log_file_size: 0
2024/12/26-13:53:07.903540 5fe8                  Options.max_manifest_file_size: 1073741824
2024/12/26-13:53:07.903541 5fe8                   Options.log_file_time_to_roll: 0
2024/12/26-13:53:07.903543 5fe8                       Options.keep_log_file_num: 100
2024/12/26-13:53:07.903544 5fe8                    Options.recycle_log_file_num: 0
2024/12/26-13:53:07.903546 5fe8                         Options.allow_fallocate: 1
2024/12/26-13:53:07.903547 5fe8                        Options.allow_mmap_reads: 0
2024/12/26-13:53:07.903548 5fe8                       Options.allow_mmap_writes: 0
2024/12/26-13:53:07.903550 5fe8                        Options.use_direct_reads: 0
2024/12/26-13:53:07.903551 5fe8                        Options.use_direct_io_for_flush_and_compaction: 0
2024/12/26-13:53:07.903553 5fe8          Options.create_missing_column_families: 1
2024/12/26-13:53:07.903554 5fe8                              Options.db_log_dir: 
2024/12/26-13:53:07.903555 5fe8                                 Options.wal_dir: 
2024/12/26-13:53:07.903557 5fe8                Options.table_cache_numshardbits: 6
2024/12/26-13:53:07.903558 5fe8                         Options.WAL_ttl_seconds: 0
2024/12/26-13:53:07.903560 5fe8                       Options.WAL_size_limit_MB: 0
2024/12/26-13:53:07.903561 5fe8                        Options.max_write_batch_group_size_bytes: 1048576
2024/12/26-13:53:07.903563 5fe8             Options.manifest_preallocation_size: 4194304
2024/12/26-13:53:07.903565 5fe8                     Options.is_fd_close_on_exec: 1
2024/12/26-13:53:07.903566 5fe8                   Options.advise_random_on_open: 1
2024/12/26-13:53:07.903568 5fe8                    Options.db_write_buffer_size: 0
2024/12/26-13:53:07.903569 5fe8                    Options.write_buffer_manager: 000001E98954B210
2024/12/26-13:53:07.903571 5fe8         Options.access_hint_on_compaction_start: 1
2024/12/26-13:53:07.903572 5fe8           Options.random_access_max_buffer_size: 1048576
2024/12/26-13:53:07.903574 5fe8                      Options.use_adaptive_mutex: 0
2024/12/26-13:53:07.903592 5fe8                            Options.rate_limiter: 0000000000000000
2024/12/26-13:53:07.903596 5fe8     Options.sst_file_manager.rate_bytes_per_sec: 0
2024/12/26-13:53:07.903598 5fe8                       Options.wal_recovery_mode: 2
2024/12/26-13:53:07.903599 5fe8                  Options.enable_thread_tracking: 0
2024/12/26-13:53:07.903601 5fe8                  Options.enable_pipelined_write: 0
2024/12/26-13:53:07.903602 5fe8                  Options.unordered_write: 0
2024/12/26-13:53:07.903603 5fe8         Options.allow_concurrent_memtable_write: 1
2024/12/26-13:53:07.903605 5fe8      Options.enable_write_thread_adaptive_yield: 1
2024/12/26-13:53:07.903606 5fe8             Options.write_thread_max_yield_usec: 100
2024/12/26-13:53:07.903608 5fe8            Options.write_thread_slow_yield_usec: 3
2024/12/26-13:53:07.903609 5fe8                               Options.row_cache: None
2024/12/26-13:53:07.903611 5fe8                              Options.wal_filter: None
2024/12/26-13:53:07.903612 5fe8             Options.avoid_flush_during_recovery: 0
2024/12/26-13:53:07.903614 5fe8             Options.allow_ingest_behind: 0
2024/12/26-13:53:07.903615 5fe8             Options.two_write_queues: 0
2024/12/26-13:53:07.903617 5fe8             Options.manual_wal_flush: 0
2024/12/26-13:53:07.903619 5fe8             Options.wal_compression: 0
2024/12/26-13:53:07.903620 5fe8             Options.atomic_flush: 0
2024/12/26-13:53:07.903621 5fe8             Options.avoid_unnecessary_blocking_io: 0
2024/12/26-13:53:07.903623 5fe8                 Options.persist_stats_to_disk: 0
2024/12/26-13:53:07.903624 5fe8                 Options.write_dbid_to_manifest: 0
2024/12/26-13:53:07.903626 5fe8                 Options.log_readahead_size: 0
2024/12/26-13:53:07.903627 5fe8                 Options.file_checksum_gen_factory: Unknown
2024/12/26-13:53:07.903629 5fe8                 Options.best_efforts_recovery: 0
2024/12/26-13:53:07.903630 5fe8                Options.max_bgerror_resume_count: 2147483647
2024/12/26-13:53:07.903631 5fe8            Options.bgerror_resume_retry_interval: 1000000
2024/12/26-13:53:07.903633 5fe8             Options.allow_data_in_errors: 0
2024/12/26-13:53:07.903634 5fe8             Options.db_host_id: __hostname__
2024/12/26-13:53:07.903636 5fe8             Options.enforce_single_del_contracts: true
2024/12/26-13:53:07.903637 5fe8             Options.max_background_jobs: 2
2024/12/26-13:53:07.903639 5fe8             Options.max_background_compactions: -1
2024/12/26-13:53:07.903641 5fe8             Options.max_subcompactions: 1
2024/12/26-13:53:07.903643 5fe8             Options.avoid_flush_during_shutdown: 0
2024/12/26-13:53:07.903644 5fe8           Options.writable_file_max_buffer_size: 1048576
2024/12/26-13:53:07.903646 5fe8             Options.delayed_write_rate : 16777216
2024/12/26-13:53:07.903647 5fe8             Options.max_total_wal_size: 1073741824
2024/12/26-13:53:07.903649 5fe8             Options.delete_obsolete_files_period_micros: 21600000000
2024/12/26-13:53:07.903650 5fe8                   Options.stats_dump_period_sec: 600
2024/12/26-13:53:07.903652 5fe8                 Options.stats_persist_period_sec: 600
2024/12/26-13:53:07.903653 5fe8                 Options.stats_history_buffer_size: 1048576
2024/12/26-13:53:07.903655 5fe8                          Options.max_open_files: -1
2024/12/26-13:53:07.903656 5fe8                          Options.bytes_per_sync: 0
2024/12/26-13:53:07.903658 5fe8                      Options.wal_bytes_per_sync: 0
2024/12/26-13:53:07.903659 5fe8                   Options.strict_bytes_per_sync: 0
2024/12/26-13:53:07.903660 5fe8       Options.compaction_readahead_size: 2097152
2024/12/26-13:53:07.903662 5fe8                  Options.max_background_flushes: -1
2024/12/26-13:53:07.903663 5fe8 Options.daily_offpeak_time_utc: 
2024/12/26-13:53:07.903665 5fe8 Compression algorithms supported:
2024/12/26-13:53:07.903666 5fe8 	kZSTD supported: 1
2024/12/26-13:53:07.903668 5fe8 	kSnappyCompression supported: 1
2024/12/26-13:53:07.903669 5fe8 	kBZip2Compression supported: 0
2024/12/26-13:53:07.903683 5fe8 	kZlibCompression supported: 1
2024/12/26-13:53:07.903685 5fe8 	kLZ4Compression supported: 1
2024/12/26-13:53:07.903686 5fe8 	kXpressCompression supported: 0
2024/12/26-13:53:07.903687 5fe8 	kLZ4HCCompression supported: 1
2024/12/26-13:53:07.903689 5fe8 	kZSTDNotFinalCompression supported: 1
2024/12/26-13:53:07.903691 5fe8 Fast CRC32 supported: Not supported on x86
2024/12/26-13:53:07.903692 5fe8 DMutex implementation: std::mutex
2024/12/26-13:53:07.908472 5fe8 [db\db_impl\db_impl_open.cc:325] Creating manifest 1 
2024/12/26-13:53:07.915636 5fe8 [db\version_set.cc:5906] Recovering from manifest file: C:\Users\Administrator\Desktop\wyc\learn\dubbo\nacos\data\protocol\raft\naming_service_metadata\log/MANIFEST-000001
2024/12/26-13:53:07.915737 5fe8 [db\column_family.cc:618] --------------- Options for column family [default]:
2024/12/26-13:53:07.915741 5fe8               Options.comparator: leveldb.BytewiseComparator
2024/12/26-13:53:07.915743 5fe8           Options.merge_operator: StringAppendOperator
2024/12/26-13:53:07.915745 5fe8        Options.compaction_filter: None
2024/12/26-13:53:07.915747 5fe8        Options.compaction_filter_factory: None
2024/12/26-13:53:07.915748 5fe8  Options.sst_partitioner_factory: None
2024/12/26-13:53:07.915751 5fe8         Options.memtable_factory: SkipListFactory
2024/12/26-13:53:07.915752 5fe8            Options.table_factory: BlockBasedTable
2024/12/26-13:53:07.915778 5fe8            table_factory options:   flush_block_policy_factory: FlushBlockBySizePolicyFactory (000001E98B3AA500)
  cache_index_and_filter_blocks: 0
  cache_index_and_filter_blocks_with_high_priority: 1
  pin_l0_filter_and_index_blocks_in_cache: 1
  pin_top_level_index_and_filter: 1
  index_type: 2
  data_block_index_type: 0
  index_shortening: 1
  data_block_hash_table_util_ratio: 0.750000
  checksum: 4
  no_block_cache: 0
  block_cache: 000001E98954AE60
  block_cache_name: LRUCache
  block_cache_options:
    capacity : 8388608
    num_shard_bits : 4
    strict_capacity_limit : 0
    memory_allocator : None
    high_pri_pool_ratio: 0.500
    low_pri_pool_ratio: 0.000
  persistent_cache: 0000000000000000
  block_size: 4096
  block_size_deviation: 10
  block_restart_interval: 16
  index_block_restart_interval: 1
  metadata_block_size: 8192
  partition_filters: 1
  use_delta_encoding: 1
  filter_policy: nullptr
  whole_key_filtering: 1
  verify_compression: 0
  read_amp_bytes_per_bit: 0
  format_version: 5
  enable_index_compression: 1
  block_align: 0
  max_auto_readahead_size: 262144
  prepopulate_block_cache: 0
  initial_auto_readahead_size: 8192
  num_file_reads_for_auto_readahead: 2
2024/12/26-13:53:07.915780 5fe8        Options.write_buffer_size: 67108864
2024/12/26-13:53:07.915782 5fe8  Options.max_write_buffer_number: 3
2024/12/26-13:53:07.915784 5fe8          Options.compression: Snappy
2024/12/26-13:53:07.915786 5fe8                  Options.bottommost_compression: Disabled
2024/12/26-13:53:07.915789 5fe8       Options.prefix_extractor: rocksdb.FixedPrefix
2024/12/26-13:53:07.915790 5fe8   Options.memtable_insert_with_hint_prefix_extractor: nullptr
2024/12/26-13:53:07.915792 5fe8             Options.num_levels: 7
2024/12/26-13:53:07.915794 5fe8        Options.min_write_buffer_number_to_merge: 1
2024/12/26-13:53:07.915795 5fe8     Options.max_write_buffer_number_to_maintain: 0
2024/12/26-13:53:07.915797 5fe8     Options.max_write_buffer_size_to_maintain: 0
2024/12/26-13:53:07.915799 5fe8            Options.bottommost_compression_opts.window_bits: -14
2024/12/26-13:53:07.915801 5fe8                  Options.bottommost_compression_opts.level: 32767
2024/12/26-13:53:07.915803 5fe8               Options.bottommost_compression_opts.strategy: 0
2024/12/26-13:53:07.915804 5fe8         Options.bottommost_compression_opts.max_dict_bytes: 0
2024/12/26-13:53:07.915806 5fe8         Options.bottommost_compression_opts.zstd_max_train_bytes: 0
2024/12/26-13:53:07.915807 5fe8         Options.bottommost_compression_opts.parallel_threads: 1
2024/12/26-13:53:07.915809 5fe8                  Options.bottommost_compression_opts.enabled: false
2024/12/26-13:53:07.915811 5fe8         Options.bottommost_compression_opts.max_dict_buffer_bytes: 0
2024/12/26-13:53:07.915813 5fe8         Options.bottommost_compression_opts.use_zstd_dict_trainer: true
2024/12/26-13:53:07.915816 5fe8            Options.compression_opts.window_bits: -14
2024/12/26-13:53:07.915817 5fe8                  Options.compression_opts.level: 32767
2024/12/26-13:53:07.915819 5fe8               Options.compression_opts.strategy: 0
2024/12/26-13:53:07.915820 5fe8         Options.compression_opts.max_dict_bytes: 0
2024/12/26-13:53:07.915821 5fe8         Options.compression_opts.zstd_max_train_bytes: 0
2024/12/26-13:53:07.915823 5fe8         Options.compression_opts.use_zstd_dict_trainer: true
2024/12/26-13:53:07.915824 5fe8         Options.compression_opts.parallel_threads: 1
2024/12/26-13:53:07.915825 5fe8                  Options.compression_opts.enabled: false
2024/12/26-13:53:07.915827 5fe8         Options.compression_opts.max_dict_buffer_bytes: 0
2024/12/26-13:53:07.915828 5fe8      Options.level0_file_num_compaction_trigger: 10
2024/12/26-13:53:07.915830 5fe8          Options.level0_slowdown_writes_trigger: 20
2024/12/26-13:53:07.915831 5fe8              Options.level0_stop_writes_trigger: 40
2024/12/26-13:53:07.915833 5fe8                   Options.target_file_size_base: 67108864
2024/12/26-13:53:07.915834 5fe8             Options.target_file_size_multiplier: 1
2024/12/26-13:53:07.915835 5fe8                Options.max_bytes_for_level_base: 536870912
2024/12/26-13:53:07.915837 5fe8 Options.level_compaction_dynamic_level_bytes: 1
2024/12/26-13:53:07.915838 5fe8          Options.max_bytes_for_level_multiplier: 10.000000
2024/12/26-13:53:07.915840 5fe8 Options.max_bytes_for_level_multiplier_addtl[0]: 1
2024/12/26-13:53:07.915841 5fe8 Options.max_bytes_for_level_multiplier_addtl[1]: 1
2024/12/26-13:53:07.915843 5fe8 Options.max_bytes_for_level_multiplier_addtl[2]: 1
2024/12/26-13:53:07.915844 5fe8 Options.max_bytes_for_level_multiplier_addtl[3]: 1
2024/12/26-13:53:07.915846 5fe8 Options.max_bytes_for_level_multiplier_addtl[4]: 1
2024/12/26-13:53:07.915847 5fe8 Options.max_bytes_for_level_multiplier_addtl[5]: 1
2024/12/26-13:53:07.915849 5fe8 Options.max_bytes_for_level_multiplier_addtl[6]: 1
2024/12/26-13:53:07.915850 5fe8       Options.max_sequential_skip_in_iterations: 8
2024/12/26-13:53:07.915852 5fe8                    Options.max_compaction_bytes: 1677721600
2024/12/26-13:53:07.915853 5fe8   Options.ignore_max_compaction_bytes_for_input: true
2024/12/26-13:53:07.915854 5fe8                        Options.arena_block_size: 1048576
2024/12/26-13:53:07.915856 5fe8   Options.soft_pending_compaction_bytes_limit: 68719476736
2024/12/26-13:53:07.915857 5fe8   Options.hard_pending_compaction_bytes_limit: 274877906944
2024/12/26-13:53:07.915859 5fe8                Options.disable_auto_compactions: 0
2024/12/26-13:53:07.915861 5fe8                        Options.compaction_style: kCompactionStyleLevel
2024/12/26-13:53:07.915863 5fe8                          Options.compaction_pri: kMinOverlappingRatio
2024/12/26-13:53:07.915864 5fe8 Options.compaction_options_universal.size_ratio: 1
2024/12/26-13:53:07.915866 5fe8 Options.compaction_options_universal.min_merge_width: 2
2024/12/26-13:53:07.915867 5fe8 Options.compaction_options_universal.max_merge_width: 4294967295
2024/12/26-13:53:07.915868 5fe8 Options.compaction_options_universal.max_size_amplification_percent: 200
2024/12/26-13:53:07.915870 5fe8 Options.compaction_options_universal.compression_size_percent: -1
2024/12/26-13:53:07.915872 5fe8 Options.compaction_options_universal.stop_style: kCompactionStopStyleTotalSize
2024/12/26-13:53:07.915873 5fe8 Options.compaction_options_fifo.max_table_files_size: 1073741824
2024/12/26-13:53:07.915875 5fe8 Options.compaction_options_fifo.allow_compaction: 0
2024/12/26-13:53:07.915878 5fe8                   Options.table_properties_collectors: 
2024/12/26-13:53:07.915879 5fe8                   Options.inplace_update_support: 0
2024/12/26-13:53:07.915881 5fe8                 Options.inplace_update_num_locks: 10000
2024/12/26-13:53:07.915909 5fe8               Options.memtable_prefix_bloom_size_ratio: 0.125000
2024/12/26-13:53:07.915911 5fe8               Options.memtable_whole_key_filtering: 0
2024/12/26-13:53:07.915913 5fe8   Options.memtable_huge_page_size: 0
2024/12/26-13:53:07.915914 5fe8                           Options.bloom_locality: 0
2024/12/26-13:53:07.915915 5fe8                    Options.max_successive_merges: 0
2024/12/26-13:53:07.915917 5fe8                Options.optimize_filters_for_hits: 0
2024/12/26-13:53:07.915918 5fe8                Options.paranoid_file_checks: 0
2024/12/26-13:53:07.915920 5fe8                Options.force_consistency_checks: 1
2024/12/26-13:53:07.915921 5fe8                Options.report_bg_io_stats: 0
2024/12/26-13:53:07.915922 5fe8                               Options.ttl: 2592000
2024/12/26-13:53:07.915924 5fe8          Options.periodic_compaction_seconds: 0
2024/12/26-13:53:07.915925 5fe8                        Options.default_temperature: kUnknown
2024/12/26-13:53:07.915927 5fe8  Options.preclude_last_level_data_seconds: 0
2024/12/26-13:53:07.915928 5fe8    Options.preserve_internal_time_seconds: 0
2024/12/26-13:53:07.915930 5fe8                       Options.enable_blob_files: false
2024/12/26-13:53:07.915931 5fe8                           Options.min_blob_size: 0
2024/12/26-13:53:07.915932 5fe8                          Options.blob_file_size: 268435456
2024/12/26-13:53:07.915934 5fe8                   Options.blob_compression_type: NoCompression
2024/12/26-13:53:07.915935 5fe8          Options.enable_blob_garbage_collection: false
2024/12/26-13:53:07.915937 5fe8      Options.blob_garbage_collection_age_cutoff: 0.250000
2024/12/26-13:53:07.915939 5fe8 Options.blob_garbage_collection_force_threshold: 1.000000
2024/12/26-13:53:07.915940 5fe8          Options.blob_compaction_readahead_size: 0
2024/12/26-13:53:07.915942 5fe8                Options.blob_file_starting_level: 0
2024/12/26-13:53:07.915943 5fe8         Options.experimental_mempurge_threshold: 0.000000
2024/12/26-13:53:07.915944 5fe8            Options.memtable_max_range_deletions: 0
2024/12/26-13:53:07.918263 5fe8 [db\version_set.cc:5957] Recovered from manifest file:C:\Users\Administrator\Desktop\wyc\learn\dubbo\nacos\data\protocol\raft\naming_service_metadata\log/MANIFEST-000001 succeeded,manifest_file_number is 1, next_file_number is 3, last_sequence is 0, log_number is 0,prev_log_number is 0,max_column_family is 0,min_log_number_to_keep is 0
2024/12/26-13:53:07.918270 5fe8 [db\version_set.cc:5966] Column family [default] (ID 0), log number is 0
2024/12/26-13:53:07.918453 5fe8 [db\db_impl\db_impl_open.cc:646] DB ID: adc50d3b-c34d-11ef-8bcb-c87f546788d8
2024/12/26-13:53:07.919256 5fe8 [db\version_set.cc:5417] Creating manifest 5
2024/12/26-13:53:07.927770 5fe8 [db\column_family.cc:618] --------------- Options for column family [Configuration]:
2024/12/26-13:53:07.927777 5fe8               Options.comparator: leveldb.BytewiseComparator
2024/12/26-13:53:07.927779 5fe8           Options.merge_operator: StringAppendOperator
2024/12/26-13:53:07.927780 5fe8        Options.compaction_filter: None
2024/12/26-13:53:07.927782 5fe8        Options.compaction_filter_factory: None
2024/12/26-13:53:07.927783 5fe8  Options.sst_partitioner_factory: None
2024/12/26-13:53:07.927785 5fe8         Options.memtable_factory: SkipListFactory
2024/12/26-13:53:07.927786 5fe8            Options.table_factory: BlockBasedTable
2024/12/26-13:53:07.927803 5fe8            table_factory options:   flush_block_policy_factory: FlushBlockBySizePolicyFactory (000001E98B3AA500)
  cache_index_and_filter_blocks: 0
  cache_index_and_filter_blocks_with_high_priority: 1
  pin_l0_filter_and_index_blocks_in_cache: 1
  pin_top_level_index_and_filter: 1
  index_type: 2
  data_block_index_type: 0
  index_shortening: 1
  data_block_hash_table_util_ratio: 0.750000
  checksum: 4
  no_block_cache: 0
  block_cache: 000001E98954AE60
  block_cache_name: LRUCache
  block_cache_options:
    capacity : 8388608
    num_shard_bits : 4
    strict_capacity_limit : 0
    memory_allocator : None
    high_pri_pool_ratio: 0.500
    low_pri_pool_ratio: 0.000
  persistent_cache: 0000000000000000
  block_size: 4096
  block_size_deviation: 10
  block_restart_interval: 16
  index_block_restart_interval: 1
  metadata_block_size: 8192
  partition_filters: 1
  use_delta_encoding: 1
  filter_policy: nullptr
  whole_key_filtering: 1
  verify_compression: 0
  read_amp_bytes_per_bit: 0
  format_version: 5
  enable_index_compression: 1
  block_align: 0
  max_auto_readahead_size: 262144
  prepopulate_block_cache: 0
  initial_auto_readahead_size: 8192
  num_file_reads_for_auto_readahead: 2
2024/12/26-13:53:07.927826 5fe8        Options.write_buffer_size: 67108864
2024/12/26-13:53:07.927829 5fe8  Options.max_write_buffer_number: 3
2024/12/26-13:53:07.927830 5fe8          Options.compression: Snappy
2024/12/26-13:53:07.927832 5fe8                  Options.bottommost_compression: Disabled
2024/12/26-13:53:07.927833 5fe8       Options.prefix_extractor: rocksdb.FixedPrefix
2024/12/26-13:53:07.927835 5fe8   Options.memtable_insert_with_hint_prefix_extractor: nullptr
2024/12/26-13:53:07.927837 5fe8             Options.num_levels: 7
2024/12/26-13:53:07.927839 5fe8        Options.min_write_buffer_number_to_merge: 1
2024/12/26-13:53:07.927841 5fe8     Options.max_write_buffer_number_to_maintain: 0
2024/12/26-13:53:07.927842 5fe8     Options.max_write_buffer_size_to_maintain: 0
2024/12/26-13:53:07.927844 5fe8            Options.bottommost_compression_opts.window_bits: -14
2024/12/26-13:53:07.927845 5fe8                  Options.bottommost_compression_opts.level: 32767
2024/12/26-13:53:07.927847 5fe8               Options.bottommost_compression_opts.strategy: 0
2024/12/26-13:53:07.927848 5fe8         Options.bottommost_compression_opts.max_dict_bytes: 0
2024/12/26-13:53:07.927850 5fe8         Options.bottommost_compression_opts.zstd_max_train_bytes: 0
2024/12/26-13:53:07.927851 5fe8         Options.bottommost_compression_opts.parallel_threads: 1
2024/12/26-13:53:07.927853 5fe8                  Options.bottommost_compression_opts.enabled: false
2024/12/26-13:53:07.927854 5fe8         Options.bottommost_compression_opts.max_dict_buffer_bytes: 0
2024/12/26-13:53:07.927856 5fe8         Options.bottommost_compression_opts.use_zstd_dict_trainer: true
2024/12/26-13:53:07.927857 5fe8            Options.compression_opts.window_bits: -14
2024/12/26-13:53:07.927859 5fe8                  Options.compression_opts.level: 32767
2024/12/26-13:53:07.927860 5fe8               Options.compression_opts.strategy: 0
2024/12/26-13:53:07.927861 5fe8         Options.compression_opts.max_dict_bytes: 0
2024/12/26-13:53:07.927863 5fe8         Options.compression_opts.zstd_max_train_bytes: 0
2024/12/26-13:53:07.927864 5fe8         Options.compression_opts.use_zstd_dict_trainer: true
2024/12/26-13:53:07.927866 5fe8         Options.compression_opts.parallel_threads: 1
2024/12/26-13:53:07.927867 5fe8                  Options.compression_opts.enabled: false
2024/12/26-13:53:07.927869 5fe8         Options.compression_opts.max_dict_buffer_bytes: 0
2024/12/26-13:53:07.927870 5fe8      Options.level0_file_num_compaction_trigger: 10
2024/12/26-13:53:07.927871 5fe8          Options.level0_slowdown_writes_trigger: 20
2024/12/26-13:53:07.927873 5fe8              Options.level0_stop_writes_trigger: 40
2024/12/26-13:53:07.927874 5fe8                   Options.target_file_size_base: 67108864
2024/12/26-13:53:07.927876 5fe8             Options.target_file_size_multiplier: 1
2024/12/26-13:53:07.927877 5fe8                Options.max_bytes_for_level_base: 536870912
2024/12/26-13:53:07.927879 5fe8 Options.level_compaction_dynamic_level_bytes: 1
2024/12/26-13:53:07.927881 5fe8          Options.max_bytes_for_level_multiplier: 10.000000
2024/12/26-13:53:07.927883 5fe8 Options.max_bytes_for_level_multiplier_addtl[0]: 1
2024/12/26-13:53:07.927884 5fe8 Options.max_bytes_for_level_multiplier_addtl[1]: 1
2024/12/26-13:53:07.927886 5fe8 Options.max_bytes_for_level_multiplier_addtl[2]: 1
2024/12/26-13:53:07.927887 5fe8 Options.max_bytes_for_level_multiplier_addtl[3]: 1
2024/12/26-13:53:07.927903 5fe8 Options.max_bytes_for_level_multiplier_addtl[4]: 1
2024/12/26-13:53:07.927905 5fe8 Options.max_bytes_for_level_multiplier_addtl[5]: 1
2024/12/26-13:53:07.927906 5fe8 Options.max_bytes_for_level_multiplier_addtl[6]: 1
2024/12/26-13:53:07.927908 5fe8       Options.max_sequential_skip_in_iterations: 8
2024/12/26-13:53:07.927909 5fe8                    Options.max_compaction_bytes: 1677721600
2024/12/26-13:53:07.927911 5fe8   Options.ignore_max_compaction_bytes_for_input: true
2024/12/26-13:53:07.927912 5fe8                        Options.arena_block_size: 1048576
2024/12/26-13:53:07.927913 5fe8   Options.soft_pending_compaction_bytes_limit: 68719476736
2024/12/26-13:53:07.927915 5fe8   Options.hard_pending_compaction_bytes_limit: 274877906944
2024/12/26-13:53:07.927916 5fe8                Options.disable_auto_compactions: 0
2024/12/26-13:53:07.927918 5fe8                        Options.compaction_style: kCompactionStyleLevel
2024/12/26-13:53:07.927920 5fe8                          Options.compaction_pri: kMinOverlappingRatio
2024/12/26-13:53:07.927922 5fe8 Options.compaction_options_universal.size_ratio: 1
2024/12/26-13:53:07.927923 5fe8 Options.compaction_options_universal.min_merge_width: 2
2024/12/26-13:53:07.927925 5fe8 Options.compaction_options_universal.max_merge_width: 4294967295
2024/12/26-13:53:07.927926 5fe8 Options.compaction_options_universal.max_size_amplification_percent: 200
2024/12/26-13:53:07.927928 5fe8 Options.compaction_options_universal.compression_size_percent: -1
2024/12/26-13:53:07.927929 5fe8 Options.compaction_options_universal.stop_style: kCompactionStopStyleTotalSize
2024/12/26-13:53:07.927931 5fe8 Options.compaction_options_fifo.max_table_files_size: 1073741824
2024/12/26-13:53:07.927932 5fe8 Options.compaction_options_fifo.allow_compaction: 0
2024/12/26-13:53:07.927935 5fe8                   Options.table_properties_collectors: 
2024/12/26-13:53:07.927936 5fe8                   Options.inplace_update_support: 0
2024/12/26-13:53:07.927938 5fe8                 Options.inplace_update_num_locks: 10000
2024/12/26-13:53:07.927939 5fe8               Options.memtable_prefix_bloom_size_ratio: 0.125000
2024/12/26-13:53:07.927941 5fe8               Options.memtable_whole_key_filtering: 0
2024/12/26-13:53:07.927942 5fe8   Options.memtable_huge_page_size: 0
2024/12/26-13:53:07.927944 5fe8                           Options.bloom_locality: 0
2024/12/26-13:53:07.927945 5fe8                    Options.max_successive_merges: 0
2024/12/26-13:53:07.927947 5fe8                Options.optimize_filters_for_hits: 0
2024/12/26-13:53:07.927948 5fe8                Options.paranoid_file_checks: 0
2024/12/26-13:53:07.927950 5fe8                Options.force_consistency_checks: 1
2024/12/26-13:53:07.927951 5fe8                Options.report_bg_io_stats: 0
2024/12/26-13:53:07.927953 5fe8                               Options.ttl: 2592000
2024/12/26-13:53:07.927954 5fe8          Options.periodic_compaction_seconds: 0
2024/12/26-13:53:07.927955 5fe8                        Options.default_temperature: kUnknown
2024/12/26-13:53:07.927957 5fe8  Options.preclude_last_level_data_seconds: 0
2024/12/26-13:53:07.927958 5fe8    Options.preserve_internal_time_seconds: 0
2024/12/26-13:53:07.927960 5fe8                       Options.enable_blob_files: false
2024/12/26-13:53:07.927961 5fe8                           Options.min_blob_size: 0
2024/12/26-13:53:07.927962 5fe8                          Options.blob_file_size: 268435456
2024/12/26-13:53:07.927964 5fe8                   Options.blob_compression_type: NoCompression
2024/12/26-13:53:07.927965 5fe8          Options.enable_blob_garbage_collection: false
2024/12/26-13:53:07.927967 5fe8      Options.blob_garbage_collection_age_cutoff: 0.250000
2024/12/26-13:53:07.927968 5fe8 Options.blob_garbage_collection_force_threshold: 1.000000
2024/12/26-13:53:07.927970 5fe8          Options.blob_compaction_readahead_size: 0
2024/12/26-13:53:07.927971 5fe8                Options.blob_file_starting_level: 0
2024/12/26-13:53:07.927973 5fe8         Options.experimental_mempurge_threshold: 0.000000
2024/12/26-13:53:07.927975 5fe8            Options.memtable_max_range_deletions: 0
2024/12/26-13:53:07.929573 5fe8 [db\db_impl\db_impl.cc:3565] Created column family [Configuration] (ID 1)
2024/12/26-13:53:07.934157 5fe8 [db\db_impl\db_impl_open.cc:2150] SstFileManager instance 000001E981D9F540
2024/12/26-13:53:07.934421 5fe8 DB pointer 000001E98D5BA1C0
2024/12/26-13:53:16.954240 6f54 [db\db_impl\db_impl.cc:1141] ------- DUMPING STATS -------
2024/12/26-13:53:16.954262 6f54 [db\db_impl\db_impl.cc:1142] 
** DB Stats **
Uptime(secs): 9.0 total, 9.0 interval
Cumulative writes: 1 writes, 2 keys, 1 commit groups, 1.0 writes per commit group, ingest: 0.00 GB, 0.00 MB/s
Cumulative WAL: 1 writes, 1 syncs, 1.00 writes per sync, written: 0.00 GB, 0.00 MB/s
Cumulative stall: 00:00:0.000 H:M:S, 0.0 percent
Interval writes: 1 writes, 2 keys, 1 commit groups, 1.0 writes per commit group, ingest: 0.00 MB, 0.00 MB/s
Interval WAL: 1 writes, 1 syncs, 1.00 writes per sync, written: 0.00 GB, 0.00 MB/s
Interval stall: 00:00:0.000 H:M:S, 0.0 percent
Write Stall (count): write-buffer-manager-limit-stops: 0

** Compaction Stats [default] **
Level    Files   Size     Score Read(GB)  Rn(GB) Rnp1(GB) Write(GB) Wnew(GB) Moved(GB) W-Amp Rd(MB/s) Wr(MB/s) Comp(sec) CompMergeCPU(sec) Comp(cnt) Avg(sec) KeyIn KeyDrop Rblob(GB) Wblob(GB)
------------------------------------------------------------------------------------------------------------------------------------------------------------------------------------------------
 Sum      0/0    0.00 KB   0.0      0.0     0.0      0.0       0.0      0.0       0.0   0.0      0.0      0.0      0.00              0.00         0    0.000       0      0       0.0       0.0
 Int      0/0    0.00 KB   0.0      0.0     0.0      0.0       0.0      0.0       0.0   0.0      0.0      0.0      0.00              0.00         0    0.000       0      0       0.0       0.0

** Compaction Stats [default] **
Priority    Files   Size     Score Read(GB)  Rn(GB) Rnp1(GB) Write(GB) Wnew(GB) Moved(GB) W-Amp Rd(MB/s) Wr(MB/s) Comp(sec) CompMergeCPU(sec) Comp(cnt) Avg(sec) KeyIn KeyDrop Rblob(GB) Wblob(GB)
---------------------------------------------------------------------------------------------------------------------------------------------------------------------------------------------------

Blob file count: 0, total size: 0.0 GB, garbage size: 0.0 GB, space amp: 0.0

Uptime(secs): 9.0 total, 9.0 interval
Flush(GB): cumulative 0.000, interval 0.000
AddFile(GB): cumulative 0.000, interval 0.000
AddFile(Total Files): cumulative 0, interval 0
AddFile(L0 Files): cumulative 0, interval 0
AddFile(Keys): cumulative 0, interval 0
Cumulative compaction: 0.00 GB write, 0.00 MB/s write, 0.00 GB read, 0.00 MB/s read, 0.0 seconds
Interval compaction: 0.00 GB write, 0.00 MB/s write, 0.00 GB read, 0.00 MB/s read, 0.0 seconds
Write Stall (count): cf-l0-file-count-limit-delays-with-ongoing-compaction: 0, cf-l0-file-count-limit-stops-with-ongoing-compaction: 0, l0-file-count-limit-delays: 0, l0-file-count-limit-stops: 0, memtable-limit-delays: 0, memtable-limit-stops: 0, pending-compaction-bytes-delays: 0, pending-compaction-bytes-stops: 0, total-delays: 0, total-stops: 0
Block cache LRUCache@000001E98954AE60#28092 capacity: 8.00 MB seed: 653059177 usage: 0.08 KB table_size: 256 occupancy: 1 collections: 1 last_copies: 1 last_secs: 2.4e-05 secs_since: 0
Block cache entry stats(count,size,portion): Misc(1,0.00 KB,0%)

** File Read Latency Histogram By Level [default] **

** Compaction Stats [Configuration] **
Level    Files   Size     Score Read(GB)  Rn(GB) Rnp1(GB) Write(GB) Wnew(GB) Moved(GB) W-Amp Rd(MB/s) Wr(MB/s) Comp(sec) CompMergeCPU(sec) Comp(cnt) Avg(sec) KeyIn KeyDrop Rblob(GB) Wblob(GB)
------------------------------------------------------------------------------------------------------------------------------------------------------------------------------------------------
 Sum      0/0    0.00 KB   0.0      0.0     0.0      0.0       0.0      0.0       0.0   0.0      0.0      0.0      0.00              0.00         0    0.000       0      0       0.0       0.0
 Int      0/0    0.00 KB   0.0      0.0     0.0      0.0       0.0      0.0       0.0   0.0      0.0      0.0      0.00              0.00         0    0.000       0      0       0.0       0.0

** Compaction Stats [Configuration] **
Priority    Files   Size     Score Read(GB)  Rn(GB) Rnp1(GB) Write(GB) Wnew(GB) Moved(GB) W-Amp Rd(MB/s) Wr(MB/s) Comp(sec) CompMergeCPU(sec) Comp(cnt) Avg(sec) KeyIn KeyDrop Rblob(GB) Wblob(GB)
---------------------------------------------------------------------------------------------------------------------------------------------------------------------------------------------------

Blob file count: 0, total size: 0.0 GB, garbage size: 0.0 GB, space amp: 0.0

Uptime(secs): 9.0 total, 9.0 interval
Flush(GB): cumulative 0.000, interval 0.000
AddFile(GB): cumulative 0.000, interval 0.000
AddFile(Total Files): cumulative 0, interval 0
AddFile(L0 Files): cumulative 0, interval 0
AddFile(Keys): cumulative 0, interval 0
Cumulative compaction: 0.00 GB write, 0.00 MB/s write, 0.00 GB read, 0.00 MB/s read, 0.0 seconds
Interval compaction: 0.00 GB write, 0.00 MB/s write, 0.00 GB read, 0.00 MB/s read, 0.0 seconds
Write Stall (count): cf-l0-file-count-limit-delays-with-ongoing-compaction: 0, cf-l0-file-count-limit-stops-with-ongoing-compaction: 0, l0-file-count-limit-delays: 0, l0-file-count-limit-stops: 0, memtable-limit-delays: 0, memtable-limit-stops: 0, pending-compaction-bytes-delays: 0, pending-compaction-bytes-stops: 0, total-delays: 0, total-stops: 0
Block cache LRUCache@000001E98954AE60#28092 capacity: 8.00 MB seed: 653059177 usage: 0.08 KB table_size: 256 occupancy: 1 collections: 1 last_copies: 1 last_secs: 2.4e-05 secs_since: 0
Block cache entry stats(count,size,portion): Misc(1,0.00 KB,0%)

** File Read Latency Histogram By Level [Configuration] **
2024/12/26-13:53:16.955301 6f54 [db\db_impl\db_impl.cc:751] STATISTICS:
 rocksdb.block.cache.miss COUNT : 0
rocksdb.block.cache.hit COUNT : 0
rocksdb.block.cache.add COUNT : 0
rocksdb.block.cache.add.failures COUNT : 0
rocksdb.block.cache.index.miss COUNT : 0
rocksdb.block.cache.index.hit COUNT : 0
rocksdb.block.cache.index.add COUNT : 0
rocksdb.block.cache.index.bytes.insert COUNT : 0
rocksdb.block.cache.filter.miss COUNT : 0
rocksdb.block.cache.filter.hit COUNT : 0
rocksdb.block.cache.filter.add COUNT : 0
rocksdb.block.cache.filter.bytes.insert COUNT : 0
rocksdb.block.cache.data.miss COUNT : 0
rocksdb.block.cache.data.hit COUNT : 0
rocksdb.block.cache.data.add COUNT : 0
rocksdb.block.cache.data.bytes.insert COUNT : 0
rocksdb.block.cache.bytes.read COUNT : 0
rocksdb.block.cache.bytes.write COUNT : 0
rocksdb.bloom.filter.useful COUNT : 0
rocksdb.bloom.filter.full.positive COUNT : 0
rocksdb.bloom.filter.full.true.positive COUNT : 0
rocksdb.persistent.cache.hit COUNT : 0
rocksdb.persistent.cache.miss COUNT : 0
rocksdb.sim.block.cache.hit COUNT : 0
rocksdb.sim.block.cache.miss COUNT : 0
rocksdb.memtable.hit COUNT : 0
rocksdb.memtable.miss COUNT : 1
rocksdb.l0.hit COUNT : 0
rocksdb.l1.hit COUNT : 0
rocksdb.l2andup.hit COUNT : 0
rocksdb.compaction.key.drop.new COUNT : 0
rocksdb.compaction.key.drop.obsolete COUNT : 0
rocksdb.compaction.key.drop.range_del COUNT : 0
rocksdb.compaction.key.drop.user COUNT : 0
rocksdb.compaction.range_del.drop.obsolete COUNT : 0
rocksdb.compaction.optimized.del.drop.obsolete COUNT : 0
rocksdb.compaction.cancelled COUNT : 0
rocksdb.number.keys.written COUNT : 2
rocksdb.number.keys.read COUNT : 1
rocksdb.number.keys.updated COUNT : 0
rocksdb.bytes.written COUNT : 99
rocksdb.bytes.read COUNT : 0
rocksdb.number.db.seek COUNT : 3
rocksdb.number.db.next COUNT : 0
rocksdb.number.db.prev COUNT : 0
rocksdb.number.db.seek.found COUNT : 0
rocksdb.number.db.next.found COUNT : 0
rocksdb.number.db.prev.found COUNT : 0
rocksdb.db.iter.bytes.read COUNT : 0
rocksdb.no.file.opens COUNT : 0
rocksdb.no.file.errors COUNT : 0
rocksdb.stall.micros COUNT : 0
rocksdb.db.mutex.wait.micros COUNT : 0
rocksdb.number.multiget.get COUNT : 0
rocksdb.number.multiget.keys.read COUNT : 0
rocksdb.number.multiget.bytes.read COUNT : 0
rocksdb.number.merge.failures COUNT : 0
rocksdb.bloom.filter.prefix.checked COUNT : 0
rocksdb.bloom.filter.prefix.useful COUNT : 0
rocksdb.bloom.filter.prefix.true.positive COUNT : 0
rocksdb.number.reseeks.iteration COUNT : 0
rocksdb.getupdatessince.calls COUNT : 0
rocksdb.wal.synced COUNT : 1
rocksdb.wal.bytes COUNT : 99
rocksdb.write.self COUNT : 1
rocksdb.write.other COUNT : 0
rocksdb.write.wal COUNT : 1
rocksdb.compact.read.bytes COUNT : 0
rocksdb.compact.write.bytes COUNT : 0
rocksdb.flush.write.bytes COUNT : 0
rocksdb.compact.read.marked.bytes COUNT : 0
rocksdb.compact.read.periodic.bytes COUNT : 0
rocksdb.compact.read.ttl.bytes COUNT : 0
rocksdb.compact.write.marked.bytes COUNT : 0
rocksdb.compact.write.periodic.bytes COUNT : 0
rocksdb.compact.write.ttl.bytes COUNT : 0
rocksdb.number.direct.load.table.properties COUNT : 0
rocksdb.number.superversion_acquires COUNT : 2
rocksdb.number.superversion_releases COUNT : 0
rocksdb.number.superversion_cleanups COUNT : 0
rocksdb.number.block.compressed COUNT : 0
rocksdb.number.block.decompressed COUNT : 0
rocksdb.number.block.not_compressed COUNT : 0
rocksdb.merge.operation.time.nanos COUNT : 0
rocksdb.filter.operation.time.nanos COUNT : 0
rocksdb.compaction.total.time.cpu_micros COUNT : 0
rocksdb.row.cache.hit COUNT : 0
rocksdb.row.cache.miss COUNT : 0
rocksdb.read.amp.estimate.useful.bytes COUNT : 0
rocksdb.read.amp.total.read.bytes COUNT : 0
rocksdb.number.rate_limiter.drains COUNT : 0
rocksdb.number.iter.skip COUNT : 0
rocksdb.blobdb.num.put COUNT : 0
rocksdb.blobdb.num.write COUNT : 0
rocksdb.blobdb.num.get COUNT : 0
rocksdb.blobdb.num.multiget COUNT : 0
rocksdb.blobdb.num.seek COUNT : 0
rocksdb.blobdb.num.next COUNT : 0
rocksdb.blobdb.num.prev COUNT : 0
rocksdb.blobdb.num.keys.written COUNT : 0
rocksdb.blobdb.num.keys.read COUNT : 0
rocksdb.blobdb.bytes.written COUNT : 0
rocksdb.blobdb.bytes.read COUNT : 0
rocksdb.blobdb.write.inlined COUNT : 0
rocksdb.blobdb.write.inlined.ttl COUNT : 0
rocksdb.blobdb.write.blob COUNT : 0
rocksdb.blobdb.write.blob.ttl COUNT : 0
rocksdb.blobdb.blob.file.bytes.written COUNT : 0
rocksdb.blobdb.blob.file.bytes.read COUNT : 0
rocksdb.blobdb.blob.file.synced COUNT : 0
rocksdb.blobdb.blob.index.expired.count COUNT : 0
rocksdb.blobdb.blob.index.expired.size COUNT : 0
rocksdb.blobdb.blob.index.evicted.count COUNT : 0
rocksdb.blobdb.blob.index.evicted.size COUNT : 0
rocksdb.blobdb.gc.num.files COUNT : 0
rocksdb.blobdb.gc.num.new.files COUNT : 0
rocksdb.blobdb.gc.failures COUNT : 0
rocksdb.blobdb.gc.num.keys.relocated COUNT : 0
rocksdb.blobdb.gc.bytes.relocated COUNT : 0
rocksdb.blobdb.fifo.num.files.evicted COUNT : 0
rocksdb.blobdb.fifo.num.keys.evicted COUNT : 0
rocksdb.blobdb.fifo.bytes.evicted COUNT : 0
rocksdb.txn.overhead.mutex.prepare COUNT : 0
rocksdb.txn.overhead.mutex.old.commit.map COUNT : 0
rocksdb.txn.overhead.duplicate.key COUNT : 0
rocksdb.txn.overhead.mutex.snapshot COUNT : 0
rocksdb.txn.get.tryagain COUNT : 0
rocksdb.number.multiget.keys.found COUNT : 0
