2024/12/26-13:53:07.708175 5fe8 RocksDB version: 8.8.1
2024/12/26-13:53:07.708239 5fe8 Git sha 986b8b9f20893dec811d8ecdb97b6a47f20d322d
2024/12/26-13:53:07.708246 5fe8 Compile date 2023-11-23 10:47:11
2024/12/26-13:53:07.708253 5fe8 DB SUMMARY
2024/12/26-13:53:07.708258 5fe8 Host name (Env):  DESKTOP-UCFK4A5
2024/12/26-13:53:07.708262 5fe8 DB Session ID:  EOTHQ9C1HBVGEVISSPHG
2024/12/26-13:53:07.708393 5fe8 SST files in C:\Users\Administrator\Desktop\wyc\learn\dubbo\nacos\data\protocol\raft\naming_persistent_service\log dir, Total Num: 0, files: 
2024/12/26-13:53:07.708399 5fe8 Write Ahead Log file in C:\Users\Administrator\Desktop\wyc\learn\dubbo\nacos\data\protocol\raft\naming_persistent_service\log: 
2024/12/26-13:53:07.708407 5fe8                         Options.error_if_exists: 0
2024/12/26-13:53:07.708464 5fe8                       Options.create_if_missing: 1
2024/12/26-13:53:07.708467 5fe8                         Options.paranoid_checks: 1
2024/12/26-13:53:07.708468 5fe8             Options.flush_verify_memtable_count: 1
2024/12/26-13:53:07.708470 5fe8          Options.compaction_verify_record_count: 1
2024/12/26-13:53:07.708471 5fe8                               Options.track_and_verify_wals_in_manifest: 0
2024/12/26-13:53:07.708472 5fe8        Options.verify_sst_unique_id_in_manifest: 1
2024/12/26-13:53:07.708474 5fe8                                     Options.env: 000001E989551840
2024/12/26-13:53:07.708476 5fe8                                      Options.fs: WinFS
2024/12/26-13:53:07.708477 5fe8                                Options.info_log: 000001E983D317D0
2024/12/26-13:53:07.708478 5fe8                Options.max_file_opening_threads: 16
2024/12/26-13:53:07.708480 5fe8                              Options.statistics: 000001E9859C7540
2024/12/26-13:53:07.708481 5fe8                              Options.statistics stats level: 3
2024/12/26-13:53:07.708483 5fe8                               Options.use_fsync: 0
2024/12/26-13:53:07.708484 5fe8                       Options.max_log_file_size: 0
2024/12/26-13:53:07.708486 5fe8                  Options.max_manifest_file_size: 1073741824
2024/12/26-13:53:07.708487 5fe8                   Options.log_file_time_to_roll: 0
2024/12/26-13:53:07.708489 5fe8                       Options.keep_log_file_num: 100
2024/12/26-13:53:07.708490 5fe8                    Options.recycle_log_file_num: 0
2024/12/26-13:53:07.708492 5fe8                         Options.allow_fallocate: 1
2024/12/26-13:53:07.708493 5fe8                        Options.allow_mmap_reads: 0
2024/12/26-13:53:07.708494 5fe8                       Options.allow_mmap_writes: 0
2024/12/26-13:53:07.708496 5fe8                        Options.use_direct_reads: 0
2024/12/26-13:53:07.708497 5fe8                        Options.use_direct_io_for_flush_and_compaction: 0
2024/12/26-13:53:07.708498 5fe8          Options.create_missing_column_families: 1
2024/12/26-13:53:07.708500 5fe8                              Options.db_log_dir: 
2024/12/26-13:53:07.708501 5fe8                                 Options.wal_dir: 
2024/12/26-13:53:07.708503 5fe8                Options.table_cache_numshardbits: 6
2024/12/26-13:53:07.708504 5fe8                         Options.WAL_ttl_seconds: 0
2024/12/26-13:53:07.708505 5fe8                       Options.WAL_size_limit_MB: 0
2024/12/26-13:53:07.708507 5fe8                        Options.max_write_batch_group_size_bytes: 1048576
2024/12/26-13:53:07.708508 5fe8             Options.manifest_preallocation_size: 4194304
2024/12/26-13:53:07.708510 5fe8                     Options.is_fd_close_on_exec: 1
2024/12/26-13:53:07.708511 5fe8                   Options.advise_random_on_open: 1
2024/12/26-13:53:07.708513 5fe8                    Options.db_write_buffer_size: 0
2024/12/26-13:53:07.708514 5fe8                    Options.write_buffer_manager: 000001E98954F3B0
2024/12/26-13:53:07.708515 5fe8         Options.access_hint_on_compaction_start: 1
2024/12/26-13:53:07.708517 5fe8           Options.random_access_max_buffer_size: 1048576
2024/12/26-13:53:07.708518 5fe8                      Options.use_adaptive_mutex: 0
2024/12/26-13:53:07.708529 5fe8                            Options.rate_limiter: 0000000000000000
2024/12/26-13:53:07.708531 5fe8     Options.sst_file_manager.rate_bytes_per_sec: 0
2024/12/26-13:53:07.708533 5fe8                       Options.wal_recovery_mode: 2
2024/12/26-13:53:07.708534 5fe8                  Options.enable_thread_tracking: 0
2024/12/26-13:53:07.708536 5fe8                  Options.enable_pipelined_write: 0
2024/12/26-13:53:07.708537 5fe8                  Options.unordered_write: 0
2024/12/26-13:53:07.708538 5fe8         Options.allow_concurrent_memtable_write: 1
2024/12/26-13:53:07.708540 5fe8      Options.enable_write_thread_adaptive_yield: 1
2024/12/26-13:53:07.708541 5fe8             Options.write_thread_max_yield_usec: 100
2024/12/26-13:53:07.708543 5fe8            Options.write_thread_slow_yield_usec: 3
2024/12/26-13:53:07.708544 5fe8                               Options.row_cache: None
2024/12/26-13:53:07.708546 5fe8                              Options.wal_filter: None
2024/12/26-13:53:07.708547 5fe8             Options.avoid_flush_during_recovery: 0
2024/12/26-13:53:07.708548 5fe8             Options.allow_ingest_behind: 0
2024/12/26-13:53:07.708550 5fe8             Options.two_write_queues: 0
2024/12/26-13:53:07.708551 5fe8             Options.manual_wal_flush: 0
2024/12/26-13:53:07.708553 5fe8             Options.wal_compression: 0
2024/12/26-13:53:07.708554 5fe8             Options.atomic_flush: 0
2024/12/26-13:53:07.708555 5fe8             Options.avoid_unnecessary_blocking_io: 0
2024/12/26-13:53:07.708557 5fe8                 Options.persist_stats_to_disk: 0
2024/12/26-13:53:07.708558 5fe8                 Options.write_dbid_to_manifest: 0
2024/12/26-13:53:07.708559 5fe8                 Options.log_readahead_size: 0
2024/12/26-13:53:07.708561 5fe8                 Options.file_checksum_gen_factory: Unknown
2024/12/26-13:53:07.708562 5fe8                 Options.best_efforts_recovery: 0
2024/12/26-13:53:07.708564 5fe8                Options.max_bgerror_resume_count: 2147483647
2024/12/26-13:53:07.708565 5fe8            Options.bgerror_resume_retry_interval: 1000000
2024/12/26-13:53:07.708567 5fe8             Options.allow_data_in_errors: 0
2024/12/26-13:53:07.708568 5fe8             Options.db_host_id: __hostname__
2024/12/26-13:53:07.708569 5fe8             Options.enforce_single_del_contracts: true
2024/12/26-13:53:07.708571 5fe8             Options.max_background_jobs: 2
2024/12/26-13:53:07.708572 5fe8             Options.max_background_compactions: -1
2024/12/26-13:53:07.708574 5fe8             Options.max_subcompactions: 1
2024/12/26-13:53:07.708575 5fe8             Options.avoid_flush_during_shutdown: 0
2024/12/26-13:53:07.708577 5fe8           Options.writable_file_max_buffer_size: 1048576
2024/12/26-13:53:07.708578 5fe8             Options.delayed_write_rate : 16777216
2024/12/26-13:53:07.708579 5fe8             Options.max_total_wal_size: 1073741824
2024/12/26-13:53:07.708581 5fe8             Options.delete_obsolete_files_period_micros: 21600000000
2024/12/26-13:53:07.708582 5fe8                   Options.stats_dump_period_sec: 600
2024/12/26-13:53:07.708584 5fe8                 Options.stats_persist_period_sec: 600
2024/12/26-13:53:07.708585 5fe8                 Options.stats_history_buffer_size: 1048576
2024/12/26-13:53:07.708587 5fe8                          Options.max_open_files: -1
2024/12/26-13:53:07.708588 5fe8                          Options.bytes_per_sync: 0
2024/12/26-13:53:07.708589 5fe8                      Options.wal_bytes_per_sync: 0
2024/12/26-13:53:07.708591 5fe8                   Options.strict_bytes_per_sync: 0
2024/12/26-13:53:07.708592 5fe8       Options.compaction_readahead_size: 2097152
2024/12/26-13:53:07.708593 5fe8                  Options.max_background_flushes: -1
2024/12/26-13:53:07.708595 5fe8 Options.daily_offpeak_time_utc: 
2024/12/26-13:53:07.708598 5fe8 Compression algorithms supported:
2024/12/26-13:53:07.708602 5fe8 	kZSTD supported: 1
2024/12/26-13:53:07.708603 5fe8 	kSnappyCompression supported: 1
2024/12/26-13:53:07.708605 5fe8 	kBZip2Compression supported: 0
2024/12/26-13:53:07.708615 5fe8 	kZlibCompression supported: 1
2024/12/26-13:53:07.708617 5fe8 	kLZ4Compression supported: 1
2024/12/26-13:53:07.708618 5fe8 	kXpressCompression supported: 0
2024/12/26-13:53:07.708620 5fe8 	kLZ4HCCompression supported: 1
2024/12/26-13:53:07.708621 5fe8 	kZSTDNotFinalCompression supported: 1
2024/12/26-13:53:07.708626 5fe8 Fast CRC32 supported: Not supported on x86
2024/12/26-13:53:07.708628 5fe8 DMutex implementation: std::mutex
2024/12/26-13:53:07.713443 5fe8 [db\db_impl\db_impl_open.cc:325] Creating manifest 1 
2024/12/26-13:53:07.720371 5fe8 [db\version_set.cc:5906] Recovering from manifest file: C:\Users\Administrator\Desktop\wyc\learn\dubbo\nacos\data\protocol\raft\naming_persistent_service\log/MANIFEST-000001
2024/12/26-13:53:07.720496 5fe8 [db\column_family.cc:618] --------------- Options for column family [default]:
2024/12/26-13:53:07.720501 5fe8               Options.comparator: leveldb.BytewiseComparator
2024/12/26-13:53:07.720502 5fe8           Options.merge_operator: StringAppendOperator
2024/12/26-13:53:07.720504 5fe8        Options.compaction_filter: None
2024/12/26-13:53:07.720505 5fe8        Options.compaction_filter_factory: None
2024/12/26-13:53:07.720507 5fe8  Options.sst_partitioner_factory: None
2024/12/26-13:53:07.720508 5fe8         Options.memtable_factory: SkipListFactory
2024/12/26-13:53:07.720510 5fe8            Options.table_factory: BlockBasedTable
2024/12/26-13:53:07.720526 5fe8            table_factory options:   flush_block_policy_factory: FlushBlockBySizePolicyFactory (000001E982C5BE00)
  cache_index_and_filter_blocks: 0
  cache_index_and_filter_blocks_with_high_priority: 1
  pin_l0_filter_and_index_blocks_in_cache: 1
  pin_top_level_index_and_filter: 1
  index_type: 2
  data_block_index_type: 0
  index_shortening: 1
  data_block_hash_table_util_ratio: 0.750000
  checksum: 4
  no_block_cache: 0
  block_cache: 000001E98954F0F0
  block_cache_name: LRUCache
  block_cache_options:
    capacity : 8388608
    num_shard_bits : 4
    strict_capacity_limit : 0
    memory_allocator : None
    high_pri_pool_ratio: 0.500
    low_pri_pool_ratio: 0.000
  persistent_cache: 0000000000000000
  block_size: 4096
  block_size_deviation: 10
  block_restart_interval: 16
  index_block_restart_interval: 1
  metadata_block_size: 8192
  partition_filters: 1
  use_delta_encoding: 1
  filter_policy: nullptr
  whole_key_filtering: 1
  verify_compression: 0
  read_amp_bytes_per_bit: 0
  format_version: 5
  enable_index_compression: 1
  block_align: 0
  max_auto_readahead_size: 262144
  prepopulate_block_cache: 0
  initial_auto_readahead_size: 8192
  num_file_reads_for_auto_readahead: 2
2024/12/26-13:53:07.720528 5fe8        Options.write_buffer_size: 67108864
2024/12/26-13:53:07.720529 5fe8  Options.max_write_buffer_number: 3
2024/12/26-13:53:07.720531 5fe8          Options.compression: Snappy
2024/12/26-13:53:07.720532 5fe8                  Options.bottommost_compression: Disabled
2024/12/26-13:53:07.720534 5fe8       Options.prefix_extractor: rocksdb.FixedPrefix
2024/12/26-13:53:07.720535 5fe8   Options.memtable_insert_with_hint_prefix_extractor: nullptr
2024/12/26-13:53:07.720537 5fe8             Options.num_levels: 7
2024/12/26-13:53:07.720538 5fe8        Options.min_write_buffer_number_to_merge: 1
2024/12/26-13:53:07.720539 5fe8     Options.max_write_buffer_number_to_maintain: 0
2024/12/26-13:53:07.720541 5fe8     Options.max_write_buffer_size_to_maintain: 0
2024/12/26-13:53:07.720542 5fe8            Options.bottommost_compression_opts.window_bits: -14
2024/12/26-13:53:07.720544 5fe8                  Options.bottommost_compression_opts.level: 32767
2024/12/26-13:53:07.720548 5fe8               Options.bottommost_compression_opts.strategy: 0
2024/12/26-13:53:07.720551 5fe8         Options.bottommost_compression_opts.max_dict_bytes: 0
2024/12/26-13:53:07.720553 5fe8         Options.bottommost_compression_opts.zstd_max_train_bytes: 0
2024/12/26-13:53:07.720554 5fe8         Options.bottommost_compression_opts.parallel_threads: 1
2024/12/26-13:53:07.720555 5fe8                  Options.bottommost_compression_opts.enabled: false
2024/12/26-13:53:07.720558 5fe8         Options.bottommost_compression_opts.max_dict_buffer_bytes: 0
2024/12/26-13:53:07.720560 5fe8         Options.bottommost_compression_opts.use_zstd_dict_trainer: true
2024/12/26-13:53:07.720561 5fe8            Options.compression_opts.window_bits: -14
2024/12/26-13:53:07.720563 5fe8                  Options.compression_opts.level: 32767
2024/12/26-13:53:07.720565 5fe8               Options.compression_opts.strategy: 0
2024/12/26-13:53:07.720567 5fe8         Options.compression_opts.max_dict_bytes: 0
2024/12/26-13:53:07.720568 5fe8         Options.compression_opts.zstd_max_train_bytes: 0
2024/12/26-13:53:07.720569 5fe8         Options.compression_opts.use_zstd_dict_trainer: true
2024/12/26-13:53:07.720571 5fe8         Options.compression_opts.parallel_threads: 1
2024/12/26-13:53:07.720572 5fe8                  Options.compression_opts.enabled: false
2024/12/26-13:53:07.720574 5fe8         Options.compression_opts.max_dict_buffer_bytes: 0
2024/12/26-13:53:07.720575 5fe8      Options.level0_file_num_compaction_trigger: 10
2024/12/26-13:53:07.720576 5fe8          Options.level0_slowdown_writes_trigger: 20
2024/12/26-13:53:07.720578 5fe8              Options.level0_stop_writes_trigger: 40
2024/12/26-13:53:07.720579 5fe8                   Options.target_file_size_base: 67108864
2024/12/26-13:53:07.720581 5fe8             Options.target_file_size_multiplier: 1
2024/12/26-13:53:07.720582 5fe8                Options.max_bytes_for_level_base: 536870912
2024/12/26-13:53:07.720586 5fe8 Options.level_compaction_dynamic_level_bytes: 1
2024/12/26-13:53:07.720587 5fe8          Options.max_bytes_for_level_multiplier: 10.000000
2024/12/26-13:53:07.720589 5fe8 Options.max_bytes_for_level_multiplier_addtl[0]: 1
2024/12/26-13:53:07.720591 5fe8 Options.max_bytes_for_level_multiplier_addtl[1]: 1
2024/12/26-13:53:07.720594 5fe8 Options.max_bytes_for_level_multiplier_addtl[2]: 1
2024/12/26-13:53:07.720595 5fe8 Options.max_bytes_for_level_multiplier_addtl[3]: 1
2024/12/26-13:53:07.720596 5fe8 Options.max_bytes_for_level_multiplier_addtl[4]: 1
2024/12/26-13:53:07.720598 5fe8 Options.max_bytes_for_level_multiplier_addtl[5]: 1
2024/12/26-13:53:07.720599 5fe8 Options.max_bytes_for_level_multiplier_addtl[6]: 1
2024/12/26-13:53:07.720601 5fe8       Options.max_sequential_skip_in_iterations: 8
2024/12/26-13:53:07.720602 5fe8                    Options.max_compaction_bytes: 1677721600
2024/12/26-13:53:07.720603 5fe8   Options.ignore_max_compaction_bytes_for_input: true
2024/12/26-13:53:07.720605 5fe8                        Options.arena_block_size: 1048576
2024/12/26-13:53:07.720606 5fe8   Options.soft_pending_compaction_bytes_limit: 68719476736
2024/12/26-13:53:07.720608 5fe8   Options.hard_pending_compaction_bytes_limit: 274877906944
2024/12/26-13:53:07.720609 5fe8                Options.disable_auto_compactions: 0
2024/12/26-13:53:07.720611 5fe8                        Options.compaction_style: kCompactionStyleLevel
2024/12/26-13:53:07.720613 5fe8                          Options.compaction_pri: kMinOverlappingRatio
2024/12/26-13:53:07.720614 5fe8 Options.compaction_options_universal.size_ratio: 1
2024/12/26-13:53:07.720616 5fe8 Options.compaction_options_universal.min_merge_width: 2
2024/12/26-13:53:07.720617 5fe8 Options.compaction_options_universal.max_merge_width: 4294967295
2024/12/26-13:53:07.720619 5fe8 Options.compaction_options_universal.max_size_amplification_percent: 200
2024/12/26-13:53:07.720620 5fe8 Options.compaction_options_universal.compression_size_percent: -1
2024/12/26-13:53:07.720622 5fe8 Options.compaction_options_universal.stop_style: kCompactionStopStyleTotalSize
2024/12/26-13:53:07.720624 5fe8 Options.compaction_options_fifo.max_table_files_size: 1073741824
2024/12/26-13:53:07.720625 5fe8 Options.compaction_options_fifo.allow_compaction: 0
2024/12/26-13:53:07.720628 5fe8                   Options.table_properties_collectors: 
2024/12/26-13:53:07.720629 5fe8                   Options.inplace_update_support: 0
2024/12/26-13:53:07.720656 5fe8                 Options.inplace_update_num_locks: 10000
2024/12/26-13:53:07.720658 5fe8               Options.memtable_prefix_bloom_size_ratio: 0.125000
2024/12/26-13:53:07.720660 5fe8               Options.memtable_whole_key_filtering: 0
2024/12/26-13:53:07.720661 5fe8   Options.memtable_huge_page_size: 0
2024/12/26-13:53:07.720663 5fe8                           Options.bloom_locality: 0
2024/12/26-13:53:07.720664 5fe8                    Options.max_successive_merges: 0
2024/12/26-13:53:07.720665 5fe8                Options.optimize_filters_for_hits: 0
2024/12/26-13:53:07.720667 5fe8                Options.paranoid_file_checks: 0
2024/12/26-13:53:07.720668 5fe8                Options.force_consistency_checks: 1
2024/12/26-13:53:07.720670 5fe8                Options.report_bg_io_stats: 0
2024/12/26-13:53:07.720671 5fe8                               Options.ttl: 2592000
2024/12/26-13:53:07.720672 5fe8          Options.periodic_compaction_seconds: 0
2024/12/26-13:53:07.720674 5fe8                        Options.default_temperature: kUnknown
2024/12/26-13:53:07.720675 5fe8  Options.preclude_last_level_data_seconds: 0
2024/12/26-13:53:07.720677 5fe8    Options.preserve_internal_time_seconds: 0
2024/12/26-13:53:07.720679 5fe8                       Options.enable_blob_files: false
2024/12/26-13:53:07.720680 5fe8                           Options.min_blob_size: 0
2024/12/26-13:53:07.720681 5fe8                          Options.blob_file_size: 268435456
2024/12/26-13:53:07.720683 5fe8                   Options.blob_compression_type: NoCompression
2024/12/26-13:53:07.720684 5fe8          Options.enable_blob_garbage_collection: false
2024/12/26-13:53:07.720686 5fe8      Options.blob_garbage_collection_age_cutoff: 0.250000
2024/12/26-13:53:07.720688 5fe8 Options.blob_garbage_collection_force_threshold: 1.000000
2024/12/26-13:53:07.720689 5fe8          Options.blob_compaction_readahead_size: 0
2024/12/26-13:53:07.720700 5fe8                Options.blob_file_starting_level: 0
2024/12/26-13:53:07.720701 5fe8         Options.experimental_mempurge_threshold: 0.000000
2024/12/26-13:53:07.720703 5fe8            Options.memtable_max_range_deletions: 0
2024/12/26-13:53:07.722822 5fe8 [db\version_set.cc:5957] Recovered from manifest file:C:\Users\Administrator\Desktop\wyc\learn\dubbo\nacos\data\protocol\raft\naming_persistent_service\log/MANIFEST-000001 succeeded,manifest_file_number is 1, next_file_number is 3, last_sequence is 0, log_number is 0,prev_log_number is 0,max_column_family is 0,min_log_number_to_keep is 0
2024/12/26-13:53:07.722828 5fe8 [db\version_set.cc:5966] Column family [default] (ID 0), log number is 0
2024/12/26-13:53:07.722997 5fe8 [db\db_impl\db_impl_open.cc:646] DB ID: adc50d38-c34d-11ef-8bcb-c87f546788d8
2024/12/26-13:53:07.723635 5fe8 [db\version_set.cc:5417] Creating manifest 5
2024/12/26-13:53:07.731657 5fe8 [db\column_family.cc:618] --------------- Options for column family [Configuration]:
2024/12/26-13:53:07.731662 5fe8               Options.comparator: leveldb.BytewiseComparator
2024/12/26-13:53:07.731664 5fe8           Options.merge_operator: StringAppendOperator
2024/12/26-13:53:07.731665 5fe8        Options.compaction_filter: None
2024/12/26-13:53:07.731667 5fe8        Options.compaction_filter_factory: None
2024/12/26-13:53:07.731668 5fe8  Options.sst_partitioner_factory: None
2024/12/26-13:53:07.731670 5fe8         Options.memtable_factory: SkipListFactory
2024/12/26-13:53:07.731671 5fe8            Options.table_factory: BlockBasedTable
2024/12/26-13:53:07.731687 5fe8            table_factory options:   flush_block_policy_factory: FlushBlockBySizePolicyFactory (000001E982C5BE00)
  cache_index_and_filter_blocks: 0
  cache_index_and_filter_blocks_with_high_priority: 1
  pin_l0_filter_and_index_blocks_in_cache: 1
  pin_top_level_index_and_filter: 1
  index_type: 2
  data_block_index_type: 0
  index_shortening: 1
  data_block_hash_table_util_ratio: 0.750000
  checksum: 4
  no_block_cache: 0
  block_cache: 000001E98954F0F0
  block_cache_name: LRUCache
  block_cache_options:
    capacity : 8388608
    num_shard_bits : 4
    strict_capacity_limit : 0
    memory_allocator : None
    high_pri_pool_ratio: 0.500
    low_pri_pool_ratio: 0.000
  persistent_cache: 0000000000000000
  block_size: 4096
  block_size_deviation: 10
  block_restart_interval: 16
  index_block_restart_interval: 1
  metadata_block_size: 8192
  partition_filters: 1
  use_delta_encoding: 1
  filter_policy: nullptr
  whole_key_filtering: 1
  verify_compression: 0
  read_amp_bytes_per_bit: 0
  format_version: 5
  enable_index_compression: 1
  block_align: 0
  max_auto_readahead_size: 262144
  prepopulate_block_cache: 0
  initial_auto_readahead_size: 8192
  num_file_reads_for_auto_readahead: 2
2024/12/26-13:53:07.731705 5fe8        Options.write_buffer_size: 67108864
2024/12/26-13:53:07.731707 5fe8  Options.max_write_buffer_number: 3
2024/12/26-13:53:07.731709 5fe8          Options.compression: Snappy
2024/12/26-13:53:07.731710 5fe8                  Options.bottommost_compression: Disabled
2024/12/26-13:53:07.731712 5fe8       Options.prefix_extractor: rocksdb.FixedPrefix
2024/12/26-13:53:07.731713 5fe8   Options.memtable_insert_with_hint_prefix_extractor: nullptr
2024/12/26-13:53:07.731715 5fe8             Options.num_levels: 7
2024/12/26-13:53:07.731716 5fe8        Options.min_write_buffer_number_to_merge: 1
2024/12/26-13:53:07.731718 5fe8     Options.max_write_buffer_number_to_maintain: 0
2024/12/26-13:53:07.731719 5fe8     Options.max_write_buffer_size_to_maintain: 0
2024/12/26-13:53:07.731720 5fe8            Options.bottommost_compression_opts.window_bits: -14
2024/12/26-13:53:07.731722 5fe8                  Options.bottommost_compression_opts.level: 32767
2024/12/26-13:53:07.731723 5fe8               Options.bottommost_compression_opts.strategy: 0
2024/12/26-13:53:07.731725 5fe8         Options.bottommost_compression_opts.max_dict_bytes: 0
2024/12/26-13:53:07.731726 5fe8         Options.bottommost_compression_opts.zstd_max_train_bytes: 0
2024/12/26-13:53:07.731728 5fe8         Options.bottommost_compression_opts.parallel_threads: 1
2024/12/26-13:53:07.731729 5fe8                  Options.bottommost_compression_opts.enabled: false
2024/12/26-13:53:07.731731 5fe8         Options.bottommost_compression_opts.max_dict_buffer_bytes: 0
2024/12/26-13:53:07.731732 5fe8         Options.bottommost_compression_opts.use_zstd_dict_trainer: true
2024/12/26-13:53:07.731734 5fe8            Options.compression_opts.window_bits: -14
2024/12/26-13:53:07.731735 5fe8                  Options.compression_opts.level: 32767
2024/12/26-13:53:07.731736 5fe8               Options.compression_opts.strategy: 0
2024/12/26-13:53:07.731738 5fe8         Options.compression_opts.max_dict_bytes: 0
2024/12/26-13:53:07.731739 5fe8         Options.compression_opts.zstd_max_train_bytes: 0
2024/12/26-13:53:07.731741 5fe8         Options.compression_opts.use_zstd_dict_trainer: true
2024/12/26-13:53:07.731742 5fe8         Options.compression_opts.parallel_threads: 1
2024/12/26-13:53:07.731743 5fe8                  Options.compression_opts.enabled: false
2024/12/26-13:53:07.731745 5fe8         Options.compression_opts.max_dict_buffer_bytes: 0
2024/12/26-13:53:07.731746 5fe8      Options.level0_file_num_compaction_trigger: 10
2024/12/26-13:53:07.731748 5fe8          Options.level0_slowdown_writes_trigger: 20
2024/12/26-13:53:07.731749 5fe8              Options.level0_stop_writes_trigger: 40
2024/12/26-13:53:07.731750 5fe8                   Options.target_file_size_base: 67108864
2024/12/26-13:53:07.731752 5fe8             Options.target_file_size_multiplier: 1
2024/12/26-13:53:07.731753 5fe8                Options.max_bytes_for_level_base: 536870912
2024/12/26-13:53:07.731755 5fe8 Options.level_compaction_dynamic_level_bytes: 1
2024/12/26-13:53:07.731756 5fe8          Options.max_bytes_for_level_multiplier: 10.000000
2024/12/26-13:53:07.731758 5fe8 Options.max_bytes_for_level_multiplier_addtl[0]: 1
2024/12/26-13:53:07.731759 5fe8 Options.max_bytes_for_level_multiplier_addtl[1]: 1
2024/12/26-13:53:07.731761 5fe8 Options.max_bytes_for_level_multiplier_addtl[2]: 1
2024/12/26-13:53:07.731762 5fe8 Options.max_bytes_for_level_multiplier_addtl[3]: 1
2024/12/26-13:53:07.731764 5fe8 Options.max_bytes_for_level_multiplier_addtl[4]: 1
2024/12/26-13:53:07.731766 5fe8 Options.max_bytes_for_level_multiplier_addtl[5]: 1
2024/12/26-13:53:07.731767 5fe8 Options.max_bytes_for_level_multiplier_addtl[6]: 1
2024/12/26-13:53:07.731769 5fe8       Options.max_sequential_skip_in_iterations: 8
2024/12/26-13:53:07.731770 5fe8                    Options.max_compaction_bytes: 1677721600
2024/12/26-13:53:07.731772 5fe8   Options.ignore_max_compaction_bytes_for_input: true
2024/12/26-13:53:07.731773 5fe8                        Options.arena_block_size: 1048576
2024/12/26-13:53:07.731774 5fe8   Options.soft_pending_compaction_bytes_limit: 68719476736
2024/12/26-13:53:07.731776 5fe8   Options.hard_pending_compaction_bytes_limit: 274877906944
2024/12/26-13:53:07.731777 5fe8                Options.disable_auto_compactions: 0
2024/12/26-13:53:07.731779 5fe8                        Options.compaction_style: kCompactionStyleLevel
2024/12/26-13:53:07.731781 5fe8                          Options.compaction_pri: kMinOverlappingRatio
2024/12/26-13:53:07.731782 5fe8 Options.compaction_options_universal.size_ratio: 1
2024/12/26-13:53:07.731784 5fe8 Options.compaction_options_universal.min_merge_width: 2
2024/12/26-13:53:07.731785 5fe8 Options.compaction_options_universal.max_merge_width: 4294967295
2024/12/26-13:53:07.731786 5fe8 Options.compaction_options_universal.max_size_amplification_percent: 200
2024/12/26-13:53:07.731788 5fe8 Options.compaction_options_universal.compression_size_percent: -1
2024/12/26-13:53:07.731789 5fe8 Options.compaction_options_universal.stop_style: kCompactionStopStyleTotalSize
2024/12/26-13:53:07.731791 5fe8 Options.compaction_options_fifo.max_table_files_size: 1073741824
2024/12/26-13:53:07.731792 5fe8 Options.compaction_options_fifo.allow_compaction: 0
2024/12/26-13:53:07.731795 5fe8                   Options.table_properties_collectors: 
2024/12/26-13:53:07.731796 5fe8                   Options.inplace_update_support: 0
2024/12/26-13:53:07.731797 5fe8                 Options.inplace_update_num_locks: 10000
2024/12/26-13:53:07.731799 5fe8               Options.memtable_prefix_bloom_size_ratio: 0.125000
2024/12/26-13:53:07.731801 5fe8               Options.memtable_whole_key_filtering: 0
2024/12/26-13:53:07.731802 5fe8   Options.memtable_huge_page_size: 0
2024/12/26-13:53:07.731803 5fe8                           Options.bloom_locality: 0
2024/12/26-13:53:07.731805 5fe8                    Options.max_successive_merges: 0
2024/12/26-13:53:07.731806 5fe8                Options.optimize_filters_for_hits: 0
2024/12/26-13:53:07.731808 5fe8                Options.paranoid_file_checks: 0
2024/12/26-13:53:07.731809 5fe8                Options.force_consistency_checks: 1
2024/12/26-13:53:07.731810 5fe8                Options.report_bg_io_stats: 0
2024/12/26-13:53:07.731812 5fe8                               Options.ttl: 2592000
2024/12/26-13:53:07.731813 5fe8          Options.periodic_compaction_seconds: 0
2024/12/26-13:53:07.731815 5fe8                        Options.default_temperature: kUnknown
2024/12/26-13:53:07.731816 5fe8  Options.preclude_last_level_data_seconds: 0
2024/12/26-13:53:07.731818 5fe8    Options.preserve_internal_time_seconds: 0
2024/12/26-13:53:07.731819 5fe8                       Options.enable_blob_files: false
2024/12/26-13:53:07.731820 5fe8                           Options.min_blob_size: 0
2024/12/26-13:53:07.731822 5fe8                          Options.blob_file_size: 268435456
2024/12/26-13:53:07.731823 5fe8                   Options.blob_compression_type: NoCompression
2024/12/26-13:53:07.731825 5fe8          Options.enable_blob_garbage_collection: false
2024/12/26-13:53:07.731826 5fe8      Options.blob_garbage_collection_age_cutoff: 0.250000
2024/12/26-13:53:07.731828 5fe8 Options.blob_garbage_collection_force_threshold: 1.000000
2024/12/26-13:53:07.731829 5fe8          Options.blob_compaction_readahead_size: 0
2024/12/26-13:53:07.731831 5fe8                Options.blob_file_starting_level: 0
2024/12/26-13:53:07.731833 5fe8         Options.experimental_mempurge_threshold: 0.000000
2024/12/26-13:53:07.731834 5fe8            Options.memtable_max_range_deletions: 0
2024/12/26-13:53:07.733216 5fe8 [db\db_impl\db_impl.cc:3565] Created column family [Configuration] (ID 1)
2024/12/26-13:53:07.737840 5fe8 [db\db_impl\db_impl_open.cc:2150] SstFileManager instance 000001E981DA0380
2024/12/26-13:53:07.738046 5fe8 DB pointer 000001E98A991100
2024/12/26-13:53:07.738235 6f54 [db\db_impl\db_impl.cc:1141] ------- DUMPING STATS -------
2024/12/26-13:53:07.738242 6f54 [db\db_impl\db_impl.cc:1142] 
** DB Stats **
Uptime(secs): 0.0 total, 0.0 interval
Cumulative writes: 0 writes, 0 keys, 0 commit groups, 0.0 writes per commit group, ingest: 0.00 GB, 0.00 MB/s
Cumulative WAL: 0 writes, 0 syncs, 0.00 writes per sync, written: 0.00 GB, 0.00 MB/s
Cumulative stall: 00:00:0.000 H:M:S, 0.0 percent
Interval writes: 0 writes, 0 keys, 0 commit groups, 0.0 writes per commit group, ingest: 0.00 MB, 0.00 MB/s
Interval WAL: 0 writes, 0 syncs, 0.00 writes per sync, written: 0.00 GB, 0.00 MB/s
Interval stall: 00:00:0.000 H:M:S, 0.0 percent
Write Stall (count): write-buffer-manager-limit-stops: 0

** Compaction Stats [default] **
Level    Files   Size     Score Read(GB)  Rn(GB) Rnp1(GB) Write(GB) Wnew(GB) Moved(GB) W-Amp Rd(MB/s) Wr(MB/s) Comp(sec) CompMergeCPU(sec) Comp(cnt) Avg(sec) KeyIn KeyDrop Rblob(GB) Wblob(GB)
------------------------------------------------------------------------------------------------------------------------------------------------------------------------------------------------
 Sum      0/0    0.00 KB   0.0      0.0     0.0      0.0       0.0      0.0       0.0   0.0      0.0      0.0      0.00              0.00         0    0.000       0      0       0.0       0.0
 Int      0/0    0.00 KB   0.0      0.0     0.0      0.0       0.0      0.0       0.0   0.0      0.0      0.0      0.00              0.00         0    0.000       0      0       0.0       0.0

** Compaction Stats [default] **
Priority    Files   Size     Score Read(GB)  Rn(GB) Rnp1(GB) Write(GB) Wnew(GB) Moved(GB) W-Amp Rd(MB/s) Wr(MB/s) Comp(sec) CompMergeCPU(sec) Comp(cnt) Avg(sec) KeyIn KeyDrop Rblob(GB) Wblob(GB)
---------------------------------------------------------------------------------------------------------------------------------------------------------------------------------------------------

Blob file count: 0, total size: 0.0 GB, garbage size: 0.0 GB, space amp: 0.0

Uptime(secs): 0.0 total, 0.0 interval
Flush(GB): cumulative 0.000, interval 0.000
AddFile(GB): cumulative 0.000, interval 0.000
AddFile(Total Files): cumulative 0, interval 0
AddFile(L0 Files): cumulative 0, interval 0
AddFile(Keys): cumulative 0, interval 0
Cumulative compaction: 0.00 GB write, 0.00 MB/s write, 0.00 GB read, 0.00 MB/s read, 0.0 seconds
Interval compaction: 0.00 GB write, 0.00 MB/s write, 0.00 GB read, 0.00 MB/s read, 0.0 seconds
Write Stall (count): cf-l0-file-count-limit-delays-with-ongoing-compaction: 0, cf-l0-file-count-limit-stops-with-ongoing-compaction: 0, l0-file-count-limit-delays: 0, l0-file-count-limit-stops: 0, memtable-limit-delays: 0, memtable-limit-stops: 0, pending-compaction-bytes-delays: 0, pending-compaction-bytes-stops: 0, total-delays: 0, total-stops: 0
Block cache LRUCache@000001E98954F0F0#28092 capacity: 8.00 MB seed: 653059177 usage: 0.08 KB table_size: 256 occupancy: 1 collections: 1 last_copies: 1 last_secs: 2.4e-05 secs_since: 0
Block cache entry stats(count,size,portion): Misc(1,0.00 KB,0%)

** File Read Latency Histogram By Level [default] **

** Compaction Stats [Configuration] **
Level    Files   Size     Score Read(GB)  Rn(GB) Rnp1(GB) Write(GB) Wnew(GB) Moved(GB) W-Amp Rd(MB/s) Wr(MB/s) Comp(sec) CompMergeCPU(sec) Comp(cnt) Avg(sec) KeyIn KeyDrop Rblob(GB) Wblob(GB)
------------------------------------------------------------------------------------------------------------------------------------------------------------------------------------------------
 Sum      0/0    0.00 KB   0.0      0.0     0.0      0.0       0.0      0.0       0.0   0.0      0.0      0.0      0.00              0.00         0    0.000       0      0       0.0       0.0
 Int      0/0    0.00 KB   0.0      0.0     0.0      0.0       0.0      0.0       0.0   0.0      0.0      0.0      0.00              0.00         0    0.000       0      0       0.0       0.0

** Compaction Stats [Configuration] **
Priority    Files   Size     Score Read(GB)  Rn(GB) Rnp1(GB) Write(GB) Wnew(GB) Moved(GB) W-Amp Rd(MB/s) Wr(MB/s) Comp(sec) CompMergeCPU(sec) Comp(cnt) Avg(sec) KeyIn KeyDrop Rblob(GB) Wblob(GB)
---------------------------------------------------------------------------------------------------------------------------------------------------------------------------------------------------

Blob file count: 0, total size: 0.0 GB, garbage size: 0.0 GB, space amp: 0.0

Uptime(secs): 0.0 total, 0.0 interval
Flush(GB): cumulative 0.000, interval 0.000
AddFile(GB): cumulative 0.000, interval 0.000
AddFile(Total Files): cumulative 0, interval 0
AddFile(L0 Files): cumulative 0, interval 0
AddFile(Keys): cumulative 0, interval 0
Cumulative compaction: 0.00 GB write, 0.00 MB/s write, 0.00 GB read, 0.00 MB/s read, 0.0 seconds
Interval compaction: 0.00 GB write, 0.00 MB/s write, 0.00 GB read, 0.00 MB/s read, 0.0 seconds
Write Stall (count): cf-l0-file-count-limit-delays-with-ongoing-compaction: 0, cf-l0-file-count-limit-stops-with-ongoing-compaction: 0, l0-file-count-limit-delays: 0, l0-file-count-limit-stops: 0, memtable-limit-delays: 0, memtable-limit-stops: 0, pending-compaction-bytes-delays: 0, pending-compaction-bytes-stops: 0, total-delays: 0, total-stops: 0
Block cache LRUCache@000001E98954F0F0#28092 capacity: 8.00 MB seed: 653059177 usage: 0.08 KB table_size: 256 occupancy: 1 collections: 1 last_copies: 1 last_secs: 2.4e-05 secs_since: 0
Block cache entry stats(count,size,portion): Misc(1,0.00 KB,0%)

** File Read Latency Histogram By Level [Configuration] **
2024/12/26-13:53:07.739044 6f54 [db\db_impl\db_impl.cc:751] STATISTICS:
 rocksdb.block.cache.miss COUNT : 0
rocksdb.block.cache.hit COUNT : 0
rocksdb.block.cache.add COUNT : 0
rocksdb.block.cache.add.failures COUNT : 0
rocksdb.block.cache.index.miss COUNT : 0
rocksdb.block.cache.index.hit COUNT : 0
rocksdb.block.cache.index.add COUNT : 0
rocksdb.block.cache.index.bytes.insert COUNT : 0
rocksdb.block.cache.filter.miss COUNT : 0
rocksdb.block.cache.filter.hit COUNT : 0
rocksdb.block.cache.filter.add COUNT : 0
rocksdb.block.cache.filter.bytes.insert COUNT : 0
rocksdb.block.cache.data.miss COUNT : 0
rocksdb.block.cache.data.hit COUNT : 0
rocksdb.block.cache.data.add COUNT : 0
rocksdb.block.cache.data.bytes.insert COUNT : 0
rocksdb.block.cache.bytes.read COUNT : 0
rocksdb.block.cache.bytes.write COUNT : 0
rocksdb.bloom.filter.useful COUNT : 0
rocksdb.bloom.filter.full.positive COUNT : 0
rocksdb.bloom.filter.full.true.positive COUNT : 0
rocksdb.persistent.cache.hit COUNT : 0
rocksdb.persistent.cache.miss COUNT : 0
rocksdb.sim.block.cache.hit COUNT : 0
rocksdb.sim.block.cache.miss COUNT : 0
rocksdb.memtable.hit COUNT : 0
rocksdb.memtable.miss COUNT : 0
rocksdb.l0.hit COUNT : 0
rocksdb.l1.hit COUNT : 0
rocksdb.l2andup.hit COUNT : 0
rocksdb.compaction.key.drop.new COUNT : 0
rocksdb.compaction.key.drop.obsolete COUNT : 0
rocksdb.compaction.key.drop.range_del COUNT : 0
rocksdb.compaction.key.drop.user COUNT : 0
rocksdb.compaction.range_del.drop.obsolete COUNT : 0
rocksdb.compaction.optimized.del.drop.obsolete COUNT : 0
rocksdb.compaction.cancelled COUNT : 0
rocksdb.number.keys.written COUNT : 0
rocksdb.number.keys.read COUNT : 0
rocksdb.number.keys.updated COUNT : 0
rocksdb.bytes.written COUNT : 0
rocksdb.bytes.read COUNT : 0
rocksdb.number.db.seek COUNT : 0
rocksdb.number.db.next COUNT : 0
rocksdb.number.db.prev COUNT : 0
rocksdb.number.db.seek.found COUNT : 0
rocksdb.number.db.next.found COUNT : 0
rocksdb.number.db.prev.found COUNT : 0
rocksdb.db.iter.bytes.read COUNT : 0
rocksdb.no.file.opens COUNT : 0
rocksdb.no.file.errors COUNT : 0
rocksdb.stall.micros COUNT : 0
rocksdb.db.mutex.wait.micros COUNT : 0
rocksdb.number.multiget.get COUNT : 0
rocksdb.number.multiget.keys.read COUNT : 0
rocksdb.number.multiget.bytes.read COUNT : 0
rocksdb.number.merge.failures COUNT : 0
rocksdb.bloom.filter.prefix.checked COUNT : 0
rocksdb.bloom.filter.prefix.useful COUNT : 0
rocksdb.bloom.filter.prefix.true.positive COUNT : 0
rocksdb.number.reseeks.iteration COUNT : 0
rocksdb.getupdatessince.calls COUNT : 0
rocksdb.wal.synced COUNT : 0
rocksdb.wal.bytes COUNT : 0
rocksdb.write.self COUNT : 0
rocksdb.write.other COUNT : 0
rocksdb.write.wal COUNT : 0
rocksdb.compact.read.bytes COUNT : 0
rocksdb.compact.write.bytes COUNT : 0
rocksdb.flush.write.bytes COUNT : 0
rocksdb.compact.read.marked.bytes COUNT : 0
rocksdb.compact.read.periodic.bytes COUNT : 0
rocksdb.compact.read.ttl.bytes COUNT : 0
rocksdb.compact.write.marked.bytes COUNT : 0
rocksdb.compact.write.periodic.bytes COUNT : 0
rocksdb.compact.write.ttl.bytes COUNT : 0
rocksdb.number.direct.load.table.properties COUNT : 0
rocksdb.number.superversion_acquires COUNT : 0
rocksdb.number.superversion_releases COUNT : 0
rocksdb.number.superversion_cleanups COUNT : 0
rocksdb.number.block.compressed COUNT : 0
rocksdb.number.block.decompressed COUNT : 0
rocksdb.number.block.not_compressed COUNT : 0
rocksdb.merge.operation.time.nanos COUNT : 0
rocksdb.filter.operation.time.nanos COUNT : 0
rocksdb.compaction.total.time.cpu_micros COUNT : 0
rocksdb.row.cache.hit COUNT : 0
rocksdb.row.cache.miss COUNT : 0
rocksdb.read.amp.estimate.useful.bytes COUNT : 0
rocksdb.read.amp.total.read.bytes COUNT : 0
rocksdb.number.rate_limiter.drains COUNT : 0
rocksdb.number.iter.skip COUNT : 0
rocksdb.blobdb.num.put COUNT : 0
rocksdb.blobdb.num.write COUNT : 0
rocksdb.blobdb.num.get COUNT : 0
rocksdb.blobdb.num.multiget COUNT : 0
rocksdb.blobdb.num.seek COUNT : 0
rocksdb.blobdb.num.next COUNT : 0
rocksdb.blobdb.num.prev COUNT : 0
rocksdb.blobdb.num.keys.written COUNT : 0
rocksdb.blobdb.num.keys.read COUNT : 0
rocksdb.blobdb.bytes.written COUNT : 0
rocksdb.blobdb.bytes.read COUNT : 0
rocksdb.blobdb.write.inlined COUNT : 0
rocksdb.blobdb.write.inlined.ttl COUNT : 0
rocksdb.blobdb.write.blob COUNT : 0
rocksdb.blobdb.write.blob.ttl COUNT : 0
rocksdb.blobdb.blob.file.bytes.written COUNT : 0
rocksdb.blobdb.blob.file.bytes.read COUNT : 0
rocksdb.blobdb.blob.file.synced COUNT : 0
rocksdb.blobdb.blob.index.expired.count COUNT : 0
rocksdb.blobdb.blob.index.expired.size COUNT : 0
rocksdb.blobdb.blob.index.evicted.count COUNT : 0
rocksdb.blobdb.blob.index.evicted.size COUNT : 0
rocksdb.blobdb.gc.num.files COUNT : 0
rocksdb.blobdb.gc.num.new.files COUNT : 0
rocksdb.blobdb.gc.failures COUNT : 0
rocksdb.blobdb.gc.num.keys.relocated COUNT : 0
rocksdb.blobdb.gc.bytes.relocated COUNT : 0
rocksdb.blobdb.fifo.num.files.evicted COUNT : 0
rocksdb.blobdb.fifo.num.keys.evicted COUNT : 0
rocksdb.blobdb.fifo.bytes.evicted COUNT : 0
rocksdb.txn.overhead.mutex.prepare COUNT : 0
rocksdb.txn.overhead.mutex.old.commit.map COUNT : 0
rocksdb.txn.overhead.duplicate.key COUNT : 0
rocksdb.txn.overhead.mutex.snapshot COUNT : 0
rocksdb.txn.get.tryagain COUNT : 0
rocksdb.number.multiget.keys.found COUNT : 0
